state={
	id=1
	name="STATE_1"
	provinces={
		5 8 23 27 33 35 38 57 63 79 89 91 94 98 123 133 138 139 145 147 149 156 170 178 180 187 191 202 208 213 218 219 224 235 268 275 282 290 292 301 313 316 324 327 339 343 347 348 363 364 372 373 376 382 383 385 396 398 406 410 412 419 422 435 441 445 446 452 454 459 460 470 471 474 484 488 490 493 502 506 514 515 516 524 527 529 532 539 544 545 549 554 556 573 574 577 586 592 612 627 643 646 655 657 661 663 672 680 685 687 692 695 701 703 714 717 730 731 737 762 763 766 785 791 801 812 822 831 837 839 844 851 857 860 862 875 879 880 882 887 898 902 903 911 914 921 923 933 938 950 956 959 965 967 969 1000 1007 1029 1034 1042 1049 1050 1056 1065 1079 1110 1111 1121 1138 1146 1151 1161 1165 1171 1177 1180 1181 1190 1192 1200 1207 1209 1220 1235 1261 1267 1271 1280 1282 1286 1291 1297 1299 1310 1311 1314 1316 1319 1323 1326 1329 1337 1347 1355 1368 1375 1400 1422 1428 1429 1444 1446 1451 1454 1455 1456 1494 1496 1506 1517 1530 1533 1542 1546 1557 1559 1565 1566 1573 1583 1589 1591 1610 1611 1627 1636 1639 1641 1649 1652 1658 1660 1666 1668 1683 1695 1704 1706 1707 1724 1727 1734 1740 1754 1755 1756 1762 1766 1776 1777 1779 1793 1795 1804 1812 1815 1821 1849 1852 1864 1874 1890 1908 1916 1932 1937 1952 1957 1958 1963 1969 1973 1978 1982 1983 1985 1995 2005 2007 2010 2021 2022 2024 2028 2029 2036 2037 2038 2039 2054 2060 2067 2070 2075 2087 2097 2103 2105 2109 2119 2127 2129 2139 2162 2165 2185 2199 2208 2215 2229 2231 2232 2250 2262 2264 2293 2303 2315 2323 2337 2360 2362 2375 2379 2380 2385 2387 2408 2415 2417 2424 2431 2436 2437 2443 2451 2454 2456 2460 2461 2469 2473 2474 2481 2483 2487 2499 2505 2520 2524 2529 2550 2556 2559 2568 2570 2574 2576 2585 2593 2594 2597 2601 2602 2603 2607 2615 2619 2634 2639 2643 2656 2676 2681 2688 2696 2709 2719 2721 2761 2762 2763 2764 2766 2775 2787 2790 2798 2819 2822 2846 2849 2858 2871 2875 2893 2903 2909 2915 2916 2920 2925 2931 2938 2941 2948 2954 2955 2968 2980 2988 2989 3002 3013 3015 3019 3034 3037 3041 3044 3049 3050 3054 3061 3063 3080 3081 3101 3109 3112 3115 3120 3127 3133 3156 3159 3160 3170 3174 3175 3176 3179 3180 3187 3190 3195 3199 3203 3209 3216 3219 3221 3233 3241 3250 3261 3270 3277 3288 3300 3304 3311 3317 3318 3320 3334 3336 3347 3349 3350 3357 3358 3379 3382 3386 3397 3423 3429 3434 3444 3464 3466 3473 3475 3479 3492 3503 3505 3506 3510 3521 3522 3528 3530 3531 3544 3552 3560 3569 3571 3578 3580 3584 3589 3605 3628 3630 3643 3650 3654 3658 3659 3674 3677 3680 3682 3686 3688 3689 3696 3699 3703 3726 3728 3732 3761 3762 3777 3783 3786 3794 3808 3819 3823 3827 3834 3847 3855 3869 3873 3874 3878 3883 3886 3891 3907 3919 3931 3942 3955 3967 3976 3984 3993 4014 4026 4031 4033 4034 4037 4040 4046 4051 4052 4062 4066 4068 4069 4080 4084 4097 4102 4103 4104 4110 4118 4130 4134 4135 4146 4153 4166 4169 4172 4203 4209 4212 4219 4222 4241 4253 4256 4261 4263 4269 4279 4282 4298 4302 4303 4308 4311 4315 4325 4329 4331 4332 4339 4355 4360 4367 4368 4369 4373 4376 4379 4387 4397 4398 4404 4420 4426 4432 4434 4443 4461 4465 4466 4474 4497 4515 4516 4520 4532 4534 4536 4553 4555 4560 4571 4573 4578 4595 4599 4600 4608 4610 4618 4620 4622 4625 4630 4640 4642 4643 4647 4657 4658 4659 4661 4662 4676 4679 4684 4688 4693 4700 4714 4722 4724 4733 4735 4740 4751 4759 4762 4767 4771 4772 4777 4784 4791 4797 4798 4802 4806 4808 4813 4819 4820 4821 4823 4827 4829 4834 4849 4850 4855 4861 4864 4868 4872 4877 4878 4888 4890 4901 4912 4913 4936 4940 4947 4948 4949 4962 4976 4994 4996 5000 5009 5020 5038 5051 5055 5067 5069 5079 5097 5113 5121 5146 5147 5148 5150 5156 5159 5179 5186 5187 5195 5206 5214 5218 5227 5229 5230 5231 5232 5238 5247 5249 5262 5283 5285 5288 5290 5293 5307 5308 5320 5323 5328 5346 5347 5348 5351 5352 5359 5363 5367 5387 5402 5414 5415 5417 5419 5420 5441 5446 5449 5457 5462 5470 5478 5492 5499 5505 5515 5517 5519 5521 5534 5535 5538 5541 5545 5550 5553 5563 5566 5579 5583 5584 5588 5604 5610 5615 5624 5632 5635 5655 5658 5663 5695 5702 5710 5711 5712 5726 5736 5742 5745 5747 5754 5756 5774 5783 5800 5803 5806 5807 5812 5813 5820 5823 5824 5835 5844 5860 5866 5870 5876 5885 5890 5892 5918 5933 5943 5945 5947 5962 5967 5968 5969 5977 5986 5989 5992 6004 6007 6019 6023 6035 6048 6056 6060 6062 6066 6071 6076 6079 6084 6091 6093 6097 6099 6105 6110 6123 6133 6134 6140 6153 6155 6158 6161 6165 6181 6183 6203 6208 6210 6212 6227 6228 6240 6246 6257 6261 6262 6264 6280 6298 6304 6312 6315 6316 6323 6324 6328 6338 6363 6364 6380 6384 6387 6388 6390 6391 6397 6399 6403 6413 6422 6425 6434 6443 6446 6455 6456 6457 6475 6477 6482 6483 6498 6499 6504 6514 6522 6539 6542 6545 6547 6552 6567 6575 6577 6587 6602 6609 6610 6626 6637 6655 6657 6659 6660 6661 6662 6663 6664 6665 6666 6667 6668 6669 6672 6673 6675 6678 6680 6686 6691 6693 6695 6697 6698 6702 6704 6707 6709 6714 6717 6721 6726 6728 6735 6743 6746 6753 6768 6791 6794 6799 6810 6812 6817 6820 6821 6824 6827 6831 6832 6834 6836 6847 6862 6867 6872 6875 6876 6885 6892 6897 6898 6900 6907 6922 6932 6946 6962 6966 6968 6974 6978 6979 6988 7005 7009 7010 7012 7016 7019 7024 7034 7035 7036 7041 7042 7045 7055 7059 7063 7070 7100 7121 7125 7131 7146 7147 7168 7225 7275 7311 7314 7328 7344 7375 7401 7465 7469 7489 7508 7521 7539 7555 7571 7610 7633 7641 9358 9384 9393 9407 9442 9475 9491 9505 9523 9527 9530 9534 9545 9548 9550 9574 9583 9603 9606 9607 9616 9619 9622 9624 9625 9646 9658 9660 9670 9674 9677 9681 9683 9686 9689 9696 9701 9705 9707 9710 9713 9719 9722 9723 9727 9731 9733 9735 9736 9739 9741 9742 9743 9745 9746 9747 9748 9755 9759 9761 9762 9764 9766 9767 9771 9774 9775 9776 9777 9778 9781 9782 9784 9785 9787 9789 9790 9794 9796 9798 9799 9804 9806 9809 9812 9813 9814 9816 9823 9824 9826 9827 9828 9831 9832 9833 9838 9840 9841 9842 9843 9844 9845 9846 9848 9850 9852 9853 9854 9857 9858 9861 9862 9863 9864 9865 9866 9868 9869 9873 9874 9875 9876 9878 9879 9882 9883 9885 9886 9888 9890 9891 9894 9895 9896 9898 9899 9902 9903 9905 9906 9908 9911 9912 9913 9915 9916 9917 9920 9923 9924 9925 9927 9928 9932 9933 9936 9937 9938 9940 9944 9945 9946 9947 9949 9952 9954 9955 9956 9959 9960 9963 9965 9968 9969 9970 9971 9972 9973 9974 9977 9978 9979 9981 9982 9983 9984 9986 9987 9988 9989 9990 9991 9992 9993 9995 9996 9997 9998 9999 10000 10001 10002 10005 10006 10007 10008 10009 10010 10011 10012 10013 10014 10015 10016 10017 10018 10020 10021 10022 10023 10024 10025 10026 10027 10028 10029 10030 10031 10032 10034 10035 10037 10039 10042 10043 10044 10045 10051 10052 10053 10055 10056 10060 10061 10062 10064 10067 10068 10069 10074 10076 10079 10080 10081 10082 10083 10085 10086 10087 10091 10094 10097 10098 10099 10101 10104 10107 10108 10110 10112 10119 10120 10123 10125 10127 10128 10130 10131 10135 10136 10139 10142 10146 10147 10148 10149 10150 10151 10152 10153 10155 10159 10160 10162 10163 10164 10168 10169 10171 10174 10175 10176 10177 10184 10187 10190 10192 10197 10198 10200 10201 10207 10209 10210 10217 10220 10221 10222 10226 10227 10234 10235 10237 10244 10246 10247 10249 10250 10251 10252 10254 10256 10257 10258 10259 10261 10264 10265 10274 10275 10284 10285 10286 10288 10289 10290 10293 10294 10297 10300 10301 10302 10303 10305 10306 10307 10310 10312 10313 10316 10319 10321 10322 10325 10328 10329 10330 10331 10338 10339 10343 10346 10347 10348 10350 10353 10355 10357 10361 10363 10364 10367 10369 10372 10373 10374 10378 10381 10388 10389 10392 10396 10400 10404 10405 10408 10410 10413 10414 10415 10416 10420 10422 10427 10428 10429 10431 10435 10436 10439 10443 10444 10445 10446 10448 10450 10451 10452 10454 10456 10458 10460 10461 10462 10463 10468 10479 10480 10481 10487 10489 10495 10498 10503 10505 10508 10509 10515 10519 10521 10525 10526 10533 10536 10539 10541 10544 10553 10554 10558 10580 
	}
	manpower=1000
	buildings_max_level_factor=1
	state_category=large_town
	local_supplies=0
}
