state={
	id=10
	name="STATE_10"
	provinces={
		21 25 41 48 135 183 194 227 251 294 334 401 501 512 513 564 619 702 720 736 740 746 777 779 864 881 888 936 947 1038 1074 1075 1080 1097 1234 1397 1482 1624 1669 1701 1794 1817 1881 1882 1925 2027 2061 2074 2079 2132 2146 2180 2197 2270 2272 2307 2324 2423 2450 2511 2555 2569 2590 2627 2630 2632 2720 2737 2807 2823 2894 2895 2929 2963 3042 3100 3164 3206 3329 3520 3597 3634 3697 3713 3850 3889 3897 3900 3980 4139 4163 4191 4206 4245 4260 4349 4452 4489 4588 4605 4606 4616 4638 4663 4801 4818 4851 4954 5024 5028 5080 5107 5123 5168 5188 5191 5211 5228 5235 5237 5258 5366 5382 5454 5621 5638 5723 5739 5740 5831 5894 5897 6020 6030 6046 6075 6119 6131 6167 6235 6241 6337 6374 6441 6480 6497 6561 6604 6618 6828 6837 6841 6853 6857 6861 6863 6866 6873 6877 6878 6880 6890 6896 6903 6909 6913 6916 6920 6923 6926 6927 6928 6933 6934 6937 6938 6949 6952 6953 6954 6955 6956 6958 6963 6967 6971 6975 6976 6985 6989 6994 6995 7001 7002 7008 7017 7020 7022 7023 7027 7029 7040 7044 7049 7050 7057 7061 7064 7068 7073 7075 7084 7085 7102 7112 7113 7114 7129 7132 7134 7142 7170 7172 7192 7201 7207 7208 7235 7242 7268 7273 7282 7288 7309 7316 7330 7336 7350 7368 7376 7384 7398 7427 
	}
	buildings_max_level_factor=1.000
        manpower=1000
        state_category = large_town
}
