state={
	id=100
	name="STATE_100"
	provinces={
		62 155 193 686 1106 1155 1318 1337 1426 1736 1938 2009 2236 2304 2305 2308 2349 2505 2667 2669 2739 2850 2893 2903 2910 2931 2933 3120 3385 3410 3584 3622 3781 3895 3949 4101 4107 4113 4235 4255 4410 4689 4858 5028 5039 5083 5095 5118 5314 5437 5891 5900 5981 5996 6082 6228 6473 6479 6542 6561 10466 10532 10535 10536 10540 10545 10547 10552 10555 10567 10572 10582 10587 10588 10594 10601 10607 10610 10611 10613 10614 10615 10623 10627 10632 10636 10641 10643 10647 10652 10653 10662 10663 10676 10687 10691 
	}
	manpower=1000
	buildings_max_level_factor=1
	state_category = town
	local_supplies=0
}
