state={
	id=101
	name="STATE_101"
	provinces={
		113 203 228 611 869 912 974 1013 1144 1206 1428 1506 1549 1657 1677 1760 1764 1856 2039 2078 2338 2560 2676 2760 2772 2777 2805 2858 2919 2990 3026 3085 3103 3279 3291 3600 3818 3913 4000 4151 4195 4241 4246 4440 4542 4690 4743 4880 4944 5007 5128 5200 5207 5552 5629 5828 5887 5915 5937 5952 6074 6080 6332 6408 8346 8417 8443 8516 8536 8549 8557 8613 8664 8673 8676 8704 8720 8726 8731 8752 8756 8758 8759 8773 8786 8788 8804 8814 8823 8827 8834 8839 8850 8854 8862 8863 8878 8897 8906 8916 8924 8925 8946 8948 8951 
	}
	
	history = {
	    owner = CEN
		add_core_of = CEN
		victory_points = { 4743 25 }
		buildings = {
			infrastructure = 3
			industrial_complex = 1
	    }
	}
	
	manpower=2554000
	buildings_max_level_factor=1
	state_category=city
	local_supplies=0
}
