state={
	id=102
	name="STATE_102"
	provinces={
		1 72 109 123 308 494 618 632 738 1152 1166 1523 1733 1870 1873 1959 1974 1993 2017 2240 2285 2289 2422 2502 2618 2872 3014 3036 3380 3421 3874 3939 3970 4385 4512 5145 5324 5533 5551 5578 5764 6094 6144 6196 6324 6346 6431 9518 9520 9523 9546 9549 9551 9552 9560 9562 9563 9567 9575 9578 9585 9587 9594 9595 9599 9607 9613 9614 9615 9617 9623 9631 9638 9641 9648 9653 9659 9670 9675 9680 9684 
	}
	
	History = {
	    owner = SAL
		add_core_of = SAL
		set_demilitarized_zone = yes
	}
	
	manpower=1000
	buildings_max_level_factor=1
	state_category=town
	local_supplies=0
}
