state={
	id=104
	name="STATE_104"
	provinces={
		61 95 336 432 834 930 1107 1188 1490 1568 1622 1636 1644 1946 2467 2567 2840 3003 3044 3071 3123 3300 3550 3618 3721 4256 4406 4541 4616 4644 4807 4813 5170 5290 5585 5803 5871 5912 5956 6403 6453 10099 10125 10185 10200 10225 10239 10253 10254 10256 10267 10272 10279 10282 10289 10294 10297 10298 10299 10306 10318 10320 10343 10347 10361 10364 10373 10380 10382 10387 
	}
	manpower=1000
	buildings_max_level_factor=1
	state_category=town
	local_supplies=0
}
