state={
	id=105
	name="STATE_105"
	provinces={
		86 120 146 175 279 324 345 370 471 485 499 526 553 698 759 819 911 1322 1396 1424 1451 1492 1561 1999 2048 2091 2193 2287 2331 2354 2369 2563 2587 2595 2608 2612 2711 2713 2766 2813 3034 3091 3170 3177 3199 3209 3240 3277 3306 3375 3500 3511 3559 3633 3808 4033 4209 4355 4365 4418 4420 4564 4633 4686 4748 4753 4763 4788 4835 4932 4934 4985 5106 5141 5272 5527 5676 5683 5692 5785 5946 5971 6083 6188 6206 6224 6235 6306 9625 9632 9634 9637 9646 9651 9655 9660 9663 9669 9672 9677 9681 9683 9685 9686 9689 9691 9692 9693 9697 9698 9711 9712 9714 9716 9724 9726 9727 9728 9731 9732 9739 9744 9746 9748 9754 9762 9776 9781 9793 9796 9798 9804 9811 9814 9823 9828 9852 9857 9891 9906 9920 9923 9930 
	}
	
	History = {
	    owner = SHU
		add_core_of = SHU
		victory_points = { 9663 25 }
		victory_points = { 3375 25 }
		victory_points = { 9726 25 }
		buildings = {
			infrastructure = 3
			arms_factory = 2
			industrial_complex = 3
		}
	}
	
	manpower=3200000
	buildings_max_level_factor=1
	state_category=large_town
	local_supplies=0
}
