state={
	id=107
	name="STATE_107"
	provinces={
		8 88 205 265 379 442 449 487 490 503 512 583 643 677 700 859 1004 1046 1203 1267 1306 1310 1319 1418 1537 1606 1631 1750 1799 1846 1884 1926 1977 2033 2064 2121 2133 2225 2258 2309 2549 2561 2569 2586 2688 2929 2970 3040 3117 3160 3166 3293 3336 3347 3368 3518 3836 3972 4196 4269 4284 4294 4341 4390 4429 4451 4518 4520 4539 4581 4596 4606 4757 4794 4834 4873 5179 5222 5269 5329 5370 5396 5428 5431 5532 5545 5564 5644 5722 5845 5922 5947 5983 6101 6111 6240 6294 6341 6612 9862 9867 9868 9871 9876 9879 9884 9889 9903 9911 9922 9925 9933 9939 9941 9942 9950 9960 9961 9964 9965 9974 9977 9978 9981 9995 10013 10015 10020 10032 10033 10034 10055 10101 10158 10177 10178 10198 10208 10241 10244 10257 10258 10263 10264 10290 10312 
	}
	
	History = {
	    owner = SHU
		add_core_of = SHU
	}
	
	manpower=1000
	buildings_max_level_factor=1
	state_category=town
	local_supplies=0
}
