state={
	id=108
	name="STATE_108"
	provinces={
		37 163 293 360 361 403 407 542 584 771 840 882 906 940 958 1211 1271 1273 1347 1807 1971 1972 2105 2107 2145 2194 2257 2269 2321 2395 2627 2826 2870 2915 2965 3063 3158 3204 3214 3573 3646 3688 3739 3760 3811 4347 4362 4368 4798 4854 4867 4961 4970 5062 5064 5169 5335 5385 5455 5660 5818 5825 5838 5926 5968 6478 6481 6504 6524 9667 9674 9679 9682 9687 9688 9700 9701 9704 9708 9715 9718 9719 9729 9733 9736 9741 9742 9747 9750 9751 9757 9758 9760 9764 9765 9767 9768 9770 9775 9778 9779 9784 9785 9786 9787 9788 9789 9797 9799 9808 9809 9813 9831 9832 9833 9836 9854 9856 
	}
	
	History = {
	    owner = SHU
		add_core_of = SHU
		victory_points = { 584 15 }
		buildings = {
			infrastructure = 3
			industrial_complex = 2
		}
	}
	
	manpower=2100000
	buildings_max_level_factor=1
	state_category=town
	local_supplies=0
}
