state={
	id=110
	name="STATE_110"
	provinces={
		27 135 136 153 416 511 609 682 692 1167 1312 1541 1653 1843 2123 2437 2477 2906 2907 2945 3102 3105 3149 3223 3413 3463 3692 4315 4373 4522 4604 4783 4799 4805 4979 5098 5267 5401 5439 5460 5565 5569 5636 6027 6316 6362 6366 6433 6455 6601 10378 10396 10401 10402 10414 10440 10449 10456 10459 10460 10470 10476 10477 10484 10487 10490 10492 10495 10504 10505 10509 10531 
	}
	
	history = {
	    owner = WEP
		add_core_of = WEP
	}
	
	manpower=1000
	buildings_max_level_factor=1
	state_category=town
	local_supplies=0
}
