state={
	id=112
	name="STATE_112"
	provinces={
		5 287 391 521 524 546 624 714 1047 1053 1076 1165 1257 1364 1440 1554 1578 1589 1722 1729 1751 1858 2054 2086 2099 2432 2498 2632 2911 3189 3507 3783 4266 4412 4501 4648 4674 4758 5011 5040 5535 5733 5767 5786 5814 5924 5965 6075 6186 6406 6465 6543 9528 9537 9543 9555 9558 9559 9568 9570 9571 9573 9574 9576 9577 9591 9597 9598 9609 9611 9621 9628 
	}
	
	History = {
	    owner = SAL
		add_core_of = SAL
	}
	
	manpower=1000
	buildings_max_level_factor=1
	state_category=town
	local_supplies=0
}
