state={
	id=114
	name="STATE_114"
	provinces={
		122 233 392 573 668 685 1002 1034 1469 1768 1930 2050 2293 2368 2499 2791 3016 3264 3473 3690 3841 4029 4068 4137 4516 4642 4657 4660 4899 5066 5203 5226 5262 5508 5623 5713 5862 6176 6200 7591 7634 7648 7711 7722 7753 7759 7760 7778 7817 7837 7885 7912 7917 7960 7981 8033 8051 8089 8098 8110 8122 8141 
	}
	
	History = {
	    owner = CEN
		add_core_of = CEN
	}
	
	manpower=1000
	buildings_max_level_factor=1
	state_category=town
	local_supplies=0
}
