state={
	id=115
	name="STATE_115"
	provinces={
		176 234 261 270 296 334 460 486 539 564 708 790 850 951 1069 1098 1228 1308 1834 1867 1906 2027 2034 2046 2102 2139 2355 2370 2386 2465 2571 2593 2647 2710 2782 2863 3054 3067 3113 3208 3210 3230 3541 3647 3673 4245 4271 4389 4529 4677 4744 5404 5546 5561 5568 5592 5603 5812 5821 6110 6115 6116 6173 6226 6300 6309 6407 6501 6598 9205 9234 9245 9247 9252 9255 9256 9261 9265 9275 9276 9282 9288 9292 9301 9305 9316 9321 9322 9328 9333 9337 9341 9353 9357 9367 9372 9401 9405 9409 9421 9422 9423 9425 9440 9448 9454 9456 9461 9462 9471 9483 
	}
	
	History = {
	    owner = UNI
		add_core_of = UNI
	}
	
	manpower=1000
	buildings_max_level_factor=1
	state_category=town
	local_supplies=0
}
