state={
	id=116
	name="STATE_116"
	provinces={
		275 295 365 368 408 461 493 582 603 704 820 1003 1080 1082 1085 1124 1217 1361 1399 1441 1453 1512 1521 1539 1550 1822 1824 1889 1933 1982 2008 2025 2074 2219 2291 2415 2420 2428 2443 2462 2606 2664 2745 2746 2761 2989 3124 3134 3333 3373 3448 3607 3616 3669 3716 3906 3910 3928 3976 4037 4040 4081 4157 4369 4490 4558 4600 4664 4672 4738 4803 4823 4879 4907 4928 4940 5002 5053 5090 5150 5162 5166 5180 5239 5247 5522 5668 5694 5710 5778 5877 5919 6185 6211 6215 6298 6310 6354 6384 6495 6509 6510 6608 6618 6803 6809 6816 6824 6828 6838 6843 6844 6858 6861 6865 6875 6876 6878 6879 6882 6888 6889 6892 6898 6913 6914 6917 6918 6919 6924 6925 6931 6933 6935 6938 6944 6946 6954 6955 6956 6960 6961 6970 6971 6977 6985 6995 7004 7006 7007 7011 7021 7025 7026 7039 7040 7043 7050 7055 7056 7060 7064 7067 7068 7069 7070 7071 7084 7085 7089 7094 
	}
	
	History = {
	    owner = MUR
		add_core_of = MUR
	}
	
	manpower=1000
	buildings_max_level_factor=1
	state_category=town
	local_supplies=0
}
