state={
	id=118
	name="STATE_118"
	provinces={
		71 124 125 264 274 300 406 545 596 615 621 631 750 777 826 1015 1041 1192 1274 1496 1500 1547 1548 1579 1592 1615 1625 1629 1637 1724 1780 1831 1932 1950 1995 2002 2037 2079 2100 2115 2141 2262 2272 2314 2525 2536 2542 2570 2626 2662 2736 2838 2914 3001 3018 3037 3084 3097 3294 3335 3344 3384 3450 3682 3695 3722 3769 3774 3869 3884 3950 3986 3993 4017 4069 4166 4225 4257 4391 4439 4456 4472 4571 4774 4780 5019 5096 5129 5139 5182 5189 5229 5265 5341 5354 5429 5470 5618 5635 5738 5794 5911 6120 6194 6225 6285 6325 6340 6356 6376 6382 6386 6538 6562 6583 7151 7162 7211 7233 7240 7293 7294 7307 7328 7329 7330 7336 7344 7350 7377 7383 7390 7418 7423 7440 7443 7455 7470 7479 7482 7496 7509 7516 7517 7523 7539 7540 7541 7551 7568 7569 7572 7589 7592 7599 7617 7618 7621 7627 7638 7639 7643 7658 7674 7675 7686 7707 7737 7738 7744 7780 7792 7796 7804 7805 7835 7847 7848 7868 7872 7875 7876 7877 7879 7889 7908 7916 7929 7930 7934 7947 7985 7989 8023 8024 8030 8041 8045 8075 8076 8092 
	}
	
	History = {
	    owner = MUR
		add_core_of = MUR
	}
	
	manpower=1000
	buildings_max_level_factor=1
	state_category=town
	local_supplies=0
}
