state={
	id=119
	name="STATE_119"
	provinces={
		7 32 60 73 115 126 170 214 219 263 280 333 347 374 459 501 514 522 537 637 665 687 695 745 755 786 800 865 1007 1019 1022 1067 1093 1110 1170 1178 1200 1235 1237 1240 1252 1270 1338 1362 1367 1379 1408 1499 1524 1583 1618 1659 1672 1683 1731 1776 1786 1798 1806 1814 1888 1966 1969 1990 2101 2117 2168 2181 2376 2404 2427 2527 2530 2564 2574 2575 2577 2640 2645 2677 2874 2898 2953 2960 2977 3012 3042 3056 3065 3068 3073 3087 3096 3122 3151 3197 3255 3342 3411 3474 3556 3592 3593 3609 3629 3636 3662 3753 3798 3801 3807 3860 3902 3966 4003 4034 4060 4070 4102 4112 4120 4132 4147 4163 4171 4189 4282 4293 4400 4443 4457 4498 4505 4530 4593 4718 4732 4734 4775 4781 4852 4958 5004 5030 5063 5101 5251 5400 5449 5468 5572 5632 5678 5718 5744 5755 5806 5809 5824 5827 5846 5857 5863 5955 5960 6065 6079 6107 6117 6199 6214 6234 6261 6281 6313 6338 6344 6449 6597 7867 7933 7979 7988 7996 8008 8029 8044 8055 8067 8084 8091 8101 8149 8159 8160 8171 8172 8175 8196 8199 8206 8207 8213 8225 8233 8234 8240 8241 8250 8260 8262 8270 8271 8284 8301 8302 8303 8304 8308 8309 8314 8324 8331 8340 8349 8356 8361 8378 8384 8385 8406 8413 8424 8425 8431 8432 8444 8445 8448 8473 8474 8475 8479 8484 8485 8494 8495 8500 8507 8508 8520 8527 8534 8540 8551 8558 8565 8580 8581 8587 8604 8612 8618 8619 8623 8626 8629 8633 8635 8655 8668 8669 8680 8681 8690 8691 8692 8705 8709 8722 8734 8735 8739 8741 8749 8750 8762 8766 8769 8770 8780 8781 8787 8800 8803 8825 8826 8841 8842 8849 8851 8865 8875 8879 8888 8891 8892 8894 8903 8918 8927 
	}
	
	History = {
	    owner = MUR
		add_core_of = MUR
	}
	
	manpower=1000
	buildings_max_level_factor=1
	state_category=town
	local_supplies=0
}
