state={
	id=12
	name="STATE_12"
	provinces={
		453 593 614 696 901 1264 1406 1603 1913 2288 2539 2551 2568 3168 3517 3813 4321 4544 4730 4951 5044 5137 5319 5360 5740 5843 5884 5917 6031 6175 6469 6622 7030 7057 7075 7082 7093 7100 7102 7104 7111 7114 7118 7122 7124 7130 7143 7145 7149 7159 7161 7164 7165 7170 7173 7174 7184 7189 7200 7204 7206 7207 7208 7215 7228 7249 7252 7264 7285 
	}
	
	history={
		owner = CEN
		add_core_of = CEN
	}
	
	buildings_max_level_factor=1.000
    manpower=1000
    state_category = town
}
