state={
	id=122
	name="STATE_122"
	provinces={
		94 223 262 527 769 793 886 1115 1331 1336 1348 1514 1711 1885 1939 2041 2077 2196 2275 2319 2414 2447 2518 2598 2697 3082 3202 3234 3290 3314 3317 3439 3745 3829 3898 3924 4077 4181 4281 4474 4478 4482 4484 4545 4612 5016 5059 5168 5300 5530 5677 5748 5758 5804 5940 6070 6100 6229 6305 6364 6483 8866 8876 8883 8893 8907 8913 8921 8922 8928 8933 8937 8938 8943 8960 8967 8968 8981 8988 8989 8992 8996 8998 9015 9021 9023 9027 9032 9037 9062 9074 9079 9088 9092 9111 9131 9133 
	}
	
	manpower=1000
	buildings_max_level_factor=1
	state_category=town
	local_supplies=0
}
