state={
	id=123
	name="STATE_123"
	provinces={
		13 69 206 341 358 599 622 663 702 748 835 888 915 939 954 983 1038 1059 1129 1174 1251 1330 1375 1392 1395 1427 1475 1727 1881 1886 2165 2198 2261 2284 2298 2320 2341 2347 2423 2489 2633 2671 2691 2729 2768 2787 2808 2828 3038 3253 3280 3330 3401 3447 3449 3484 3515 3545 3569 3635 3641 3726 3771 3864 3877 3894 3909 3942 3956 3959 4129 4276 4323 4433 4565 4590 4640 4715 4735 4847 4890 4956 4995 5120 5124 5136 5241 5271 5322 5381 5496 5807 5833 6015 6043 6106 6191 6255 6279 6353 6401 6445 6523 8125 8135 8161 8214 8219 8251 8252 8275 8281 8297 8298 8310 8311 8330 8333 8345 8351 8379 8387 8390 8400 8401 8408 8420 8427 8446 8457 8458 8461 8464 8497 8504 8514 8521 8525 8555 8559 8566 8571 8577 8584 8597 8620 8628 8636 8641 8644 8647 8648 8663 8670 8701 8702 8703 8706 8724 8730 8757 8806 8819 8820 8821 8833 8837 8838 8872 8873 8877 8896 8905 8910 8923 8934 8942 8944 
	}
	manpower=1000
	buildings_max_level_factor=1
	state_category=town
	local_supplies=0
}
