state={
	id=125
	name="STATE_125"
	provinces={
		271 411 466 523 770 799 815 902 919 999 1027 1075 1185 1202 1268 1296 1300 1311 1334 1400 1420 1459 1531 1543 1658 1775 1943 1944 2006 2082 2096 2110 2160 2169 2388 2458 2471 2528 2604 2705 2763 2857 2880 3008 3072 3329 3363 3372 3464 3560 3756 3832 3855 3929 4074 4104 4109 4356 4394 4399 4492 4560 4561 4680 4687 4697 4727 4729 4749 4941 4984 5026 5138 5163 5245 5320 5339 5563 5582 5599 5724 5757 5800 5906 5918 6012 6029 6089 6148 6183 6347 6548 6552 6556 6589 6616 6626 7098 7110 7113 7135 7136 7148 7157 7172 7180 7183 7203 7213 7218 7231 7235 7250 7263 7269 7272 7276 7277 7299 7312 7317 7324 7359 7372 7378 7384 7389 7391 7419 7434 7441 7444 7445 7449 7459 7476 7486 7497 7519 7525 7542 7573 7586 7600 7604 7609 7622 7628 7644 7650 7676 7681 7682 7692 7702 7708 7719 7726 7734 7749 7787 7794 7798 7813 7851 7855 
	}
	manpower=1000
	buildings_max_level_factor=1
	state_category=town
	local_supplies=0
}
