state={
	id=127
	name="STATE_127"
	provinces={
		173 311 1126 1209 1298 1542 1567 1947 2012 2442 2621 2644 2928 3259 3311 3414 3577 3606 3679 3792 4231 4263 4419 4595 4712 4816 4881 4965 5073 5116 5218 5225 5273 5472 5479 5573 5579 5680 5896 5931 5935 6127 6151 6249 6295 6343 6676 6678 6683 6688 6699 6702 6705 6723 6729 6730 6744 6749 6750 6757 6772 6773 6779 6781 6787 6789 6795 6796 6799 6813 6818 6819 6825 6826 6830 6833 6845 6848 6862 6863 6873 6880 6885 6904 
	}
	manpower=1000
	buildings_max_level_factor=1
	state_category=town
	local_supplies=0
}
