state={
	id=128
	name="STATE_128"
	provinces={
		207 250 332 381 390 397 675 706 866 941 1010 1048 1061 1090 1381 1437 1466 1479 1580 1633 1813 1929 2302 2342 2510 2889 2909 3029 3213 3261 3442 3704 3803 3827 3897 3951 3967 4072 4471 4580 4598 4696 4723 4765 4811 4848 4953 4976 5177 5178 5256 5280 5321 5394 5559 5634 5708 5777 5784 5874 5878 6006 6010 6016 6227 6430 6451 6486 6631 6662 6665 6671 6675 6681 6687 6697 6700 6709 6722 6733 6753 6777 6817 6820 6832 6839 6855 6856 6891 6895 6899 6905 6915 6916 6921 6922 6939 6947 6951 6957 6958 6966 6967 6972 6973 6978 6980 6981 6988 6989 6992 6999 7002 7013 7022 7032 7036 7041 7051 7052 7066 
	}
	manpower=1000
	buildings_max_level_factor=1
	state_category=town
	local_supplies=0
}
