state={
	id=138
	name="STATE_138"
	provinces={
		55 144 409 551 574 660 684 727 728 841 879 895 962 964 966 997 1118 1135 1351 1371 1663 1699 1788 1868 1902 2016 2023 2032 2297 2356 2374 2381 2513 2752 2754 2755 2939 3005 3193 3251 3346 3620 3644 3672 3766 3772 3775 3896 3930 4122 4140 4156 4199 4250 4359 4460 4559 4626 4679 4806 4815 4820 4875 5005 5082 5198 5246 5523 5792 5998 6039 6057 6077 6293 6375 6421 6460 6499 6519 6551 9721 9734 9735 9737 9740 9749 9756 9759 9763 9766 9773 9774 9777 9782 9783 9790 9791 9792 9794 9795 9800 9802 9803 9807 9812 9815 9816 9818 9819 9824 9825 9826 9829 9835 9838 9840 9841 9844 9845 9846 9848 9849 9853 9859 9863 9864 9866 9874 9875 9878 9883 9888 9896 9897 
	}
	
	resources={
		tungsten=28
		coal=21
	}
	
	History = {
	    owner = SHU
		add_core_of = SHU
		victory_points = { 5523 10 }
		buildings = {
			infrastructure = 2
			industrial_complex = 1
		}
	}
	
	manpower=1500000
	buildings_max_level_factor=1
	state_category=town
	local_supplies=0
}
