state={
	id=140
	name="STATE_140"
	provinces={
		11 166 185 196 254 288 354 764 785 813 822 889 1014 1360 1363 1593 1628 1795 1809 1832 1893 1918 1934 2286 2306 2408 2461 2488 2512 2614 2630 3301 3332 3353 3379 3533 3554 3661 3713 3748 3763 4096 4214 4262 4316 4334 4374 4395 4470 4742 4851 5094 5112 5197 5438 5451 5480 5715 5717 5796 5914 5991 6078 6165 6208 6231 6246 6296 6311 6380 6488 6514 6527 6549 6558 7385 7386 7410 7488 7504 7513 7520 7529 7530 7565 7590 7595 7611 7624 7631 7632 7647 7672 7701 7716 7721 7743 7746 7747 7785 7795 7831 7852 7860 7869 7883 7900 7901 7905 7911 7959 7971 7974 7975 8036 8058 8107 8118 8152 
	}
	
	History = {
	    owner = CEN
		add_core_of = CEN
	}
	
	manpower=1000
	buildings_max_level_factor=1
	state_category=town
	local_supplies=0
}
