state={
	id=141
	name="STATE_141"
	provinces={
		326 413 767 1086 1099 1259 1533 1545 1563 1671 1710 1738 1778 1817 1839 1850 1871 2089 2176 2235 2245 2310 2389 2868 2875 3116 3119 3327 3358 3527 3585 3671 3675 3734 3778 3992 4052 4242 4249 4524 4582 4618 4731 4920 5000 5078 5196 5224 5248 5373 5377 5415 5434 5498 5555 5576 5625 5664 5811 5850 5853 5958 6363 6539 6574 7369 7457 7492 7499 7526 7536 7553 7555 7562 7574 7578 7596 7633 7641 7678 7689 7764 7768 7819 7827 7884 7894 7896 7932 7948 8032 8037 8043 8059 8088 8096 8097 
	}
	
	History = {
	    owner = CEN
		add_core_of = CEN
		victory_points = { 7369 10 }
		victory_points = { 5625 10 }
		buildings = {
		    7369 = { naval_base = 1 }
			infrastructure = 2
			industrial_complex = 3
			arms_factory = 1
	    }
	}
	
	manpower=4562000
	buildings_max_level_factor=1
	state_category=city
	local_supplies=0
}
