state={
	id=144
	name="STATE_144"
	provinces={
		187 260 312 363 364 386 469 579 581 646 789 926 938 1141 1169 1172 1199 1204 1313 1332 1341 1365 1407 1419 1498 1626 1652 1693 1695 1794 1854 1928 1958 2201 2277 2358 2579 2654 2693 2695 2720 2726 2829 2887 2890 2927 2957 3144 3302 3355 3359 3395 3426 3564 3628 3634 3712 3787 3835 3901 3914 3921 4014 4169 4183 4216 4252 4435 4562 4568 4622 4702 4830 4892 4964 5142 5340 5343 5409 5425 5518 5609 5638 5689 5695 5787 5967 5993 6000 6187 6232 6283 6299 6371 6374 6414 6544 9123 9140 9149 9150 9164 9165 9175 9176 9179 9180 9187 9191 9196 9197 9198 9202 9212 9214 9215 9218 9219 9220 9223 9224 9225 9227 9231 9235 9238 9239 9240 9241 9243 9244 9250 9251 9257 9259 9260 9262 9263 9264 9267 9268 9271 9272 9278 9279 9283 9284 9285 9286 9290 9291 9294 9295 9296 9297 9298 9304 9311 9314 9315 9325 9332 9345 9348 9351 9352 9371 9391 
	}
	
	history = {
	    owner = CEN
		add_core_of = CEN
	}
	
	manpower=1000
	buildings_max_level_factor=1
	state_category=town
	local_supplies=0
}
