state={
	id=19
	name="STATE_19"
	provinces={
		11 22 48 65 122 157 166 185 196 233 254 288 326 354 359 371 372 392 413 425 464 567 573 601 668 685 716 764 767 785 813 816 822 824 889 989 1002 1014 1034 1066 1086 1099 1122 1163 1249 1259 1360 1363 1431 1469 1495 1533 1545 1563 1593 1617 1628 1671 1710 1726 1738 1768 1778 1795 1809 1817 1832 1836 1839 1850 1851 1859 1865 1871 1893 1918 1930 1934 2020 2050 2089 2176 2235 2245 2286 2293 2296 2306 2310 2351 2368 2389 2408 2461 2488 2499 2512 2576 2614 2630 2657 2702 2791 2836 2839 2868 2875 3016 3048 3116 3119 3138 3155 3264 3285 3301 3327 3331 3332 3353 3358 3379 3417 3467 3473 3527 3533 3554 3566 3585 3656 3661 3671 3675 3690 3698 3713 3734 3748 3763 3765 3778 3841 3857 3866 3923 3952 3992 4029 4052 4068 4096 4099 4137 4184 4214 4242 4249 4251 4262 4316 4334 4374 4382 4395 4397 4466 4470 4516 4524 4531 4572 4582 4618 4642 4657 4660 4716 4724 4731 4742 4810 4828 4851 4899 4903 4920 5000 5041 5066 5078 5094 5100 5112 5188 5196 5197 5199 5203 5224 5226 5248 5253 5262 5373 5377 5415 5434 5438 5451 5480 5498 5508 5509 5511 5514 5555 5576 5598 5623 5625 5664 5713 5715 5717 5726 5752 5796 5811 5850 5853 5862 5914 5958 5991 6072 6078 6091 6130 6165 6171 6176 6200 6208 6231 6246 6296 6311 6363 6380 6488 6503 6514 6527 6539 6549 6558 6574 7369 7385 7386 7410 7457 7488 7492 7499 7504 7513 7520 7526 7529 7530 7536 7553 7555 7562 7565 7574 7578 7590 7591 7595 7596 7611 7624 7631 7632 7633 7634 7641 7647 7648 7672 7678 7689 7701 7711 7716 7721 7722 7743 7746 7747 7753 7759 7760 7764 7768 7778 7785 7795 7817 7819 7827 7831 7837 7852 7860 7869 7883 7884 7885 7894 7896 7900 7901 7905 7911 7912 7913 7917 7918 7925 7932 7939 7940 7948 7959 7960 7971 7974 7975 7981 7999 8000 8005 8032 8033 8036 8037 8038 8043 8051 8052 8058 8059 8070 8088 8089 8096 8097 8098 8107 8110 8118 8119 8122 8132 8133 8134 8141 8152 8156 8157 8176 8187 8211 8276 8285 8320 8366 8380 8392 8397 8402 8481 8492 8600 8601 8699 8711 8732 8760 8767 8799 8840 8846 8880 
	}
	
	history={
		owner = CEN
		add_core_of = CEN
	}
	
	manpower=1000
	buildings_max_level_factor=1
	state_category=town
	local_supplies=0
}
