state={
	id=20
	name="STATE_20"
	provinces={
		58 77 211 233 281 386 387 403 425 437 486 519 559 575 656 658 660 798 1040 1043 1054 1055 1092 1222 1273 1292 1332 1339 1343 1356 1414 1466 1481 1492 1540 1582 1681 1728 1737 1886 1901 1933 1954 1990 2057 2100 2101 2112 2170 2205 2238 2239 2284 2285 2367 2384 2425 2435 2457 2478 2479 2665 2682 2694 2706 2731 2756 2793 2833 2906 2913 2956 3003 3016 3068 3102 3185 3279 3283 3310 3476 3559 3575 3615 3664 3704 3749 3757 3797 3856 3929 3965 3966 4011 4039 4060 4121 4152 4154 4156 4187 4228 4422 4423 4429 4509 4549 4551 4611 4648 4690 4696 4814 4835 4917 4938 4946 4987 5060 5108 5126 5438 5450 5476 5500 5608 5613 5630 5636 5751 5865 5873 5990 6038 6088 6156 6162 6199 6225 6231 6330 6407 6432 6512 6525 6650 7397 7432 7448 7464 7492 7498 7507 7510 7528 7545 7551 7560 7561 7584 7585 7588 7612 7620 7630 7667 7690 7718 7722 7752 7778 7797 7808 7820 7824 7833 7839 7849 7886 7926 7962 8007 8013 8017 8036 8037 8052 8074 8095 8104 8120 8129 8151 8193 8210 8220 8245 8269 8275 8290 8299 8332 8333 8352 8353 8354 8359 8368 8371 8377 8384 8397 8398 8413 8415 8416 8422 8423 8426 8434 8441 8454 8461 8464 8477 8484 8489 8499 8509 8519 8526 8531 8532 8540 8555 8559 8566 8576 8585 8607 8619 8620 8626 8627 8636 8658 8661 8680 8686 8695 8696 8727 8731 8744 8757 8770 8785 8788 8797 8810 8816 8826 8829 8848 8852 8872 
	}
	buildings_max_level_factor=1.000
        manpower=1000
        state_category = large_town
}
