state={
	id=21
	name="STATE_21"
	provinces={
		50 548 598 725 753 851 916 945 1000 1123 1369 1372 1386 1546 1616 1708 1714 2013 2026 2036 2132 2300 2322 2607 2613 2634 2714 2820 2827 2940 3041 3137 3182 3349 3526 3814 3837 3846 4095 4124 4180 4222 4237 4300 4319 4422 4496 4527 4740 4918 5067 5201 5234 5371 5388 5391 5859 5866 5961 5973 5974 5994 6207 6262 6335 6373 6472 6494 6605 6620 7503 7566 7581 7625 7654 7723 7735 7765 7800 7808 7823 7838 7842 7845 7846 7850 7862 7863 7864 7865 7870 7886 7891 7897 7941 7952 7953 7961 7982 7983 7992 7993 8006 8007 8062 8072 8123 
	}
	buildings_max_level_factor=1.000
        manpower=1000
        state_category = town
}
