state={
	id=25
	name="STATE_25"
	provinces={
		90 134 177 250 270 317 381 478 499 608 1227 1250 1321 1468 1471 1475 1523 1574 1699 1788 1994 2269 2282 2317 2352 2411 2455 2536 2687 2834 2946 3038 3055 3463 3730 3958 3960 4010 4044 4218 4346 4386 4395 4463 4505 4537 4655 4668 4698 4841 4929 5032 5044 5084 5270 5316 5375 5379 5531 5703 5707 5753 5758 5787 5797 5855 5985 6169 6296 6383 6530 6595 7888 8042 8061 8098 8138 8206 8227 8309 8348 8362 8386 8457 8466 8480 8561 8599 8633 8656 8699 8711 8741 8748 8761 8808 8811 8823 8830 8835 8867 8892 8894 8906 8918 8919 8923 8933 8958 8968 8973 8988 8996 9001 9009 9023 9028 9038 9054 9057 9085 9086 9107 9116 9121 9149 9161 
	}
	buildings_max_level_factor=1.000
        manpower=1000
        state_category = large_town
}
