state={
	id=25
	name="STATE_25"
	provinces={
		87 131 174 247 267 314 378 475 496 605 1223 1246 1317 1464 1467 1471 1519 1569 1694 1783 1988 2263 2276 2311 2346 2405 2449 2529 2679 2825 2937 3028 3045 3453 3719 3946 3948 3997 4031 4205 4332 4372 4381 4449 4491 4523 4641 4654 4684 4827 4914 5017 5029 5069 5254 5299 5358 5362 5513 5684 5688 5732 5737 5766 5776 5834 5964 6147 6274 6361 6507 6571 7861 8015 8034 8071 8111 8179 8200 8282 8321 8335 8359 8429 8438 8452 8530 8568 8602 8625 8665 8677 8707 8714 8727 8774 8777 8789 8796 8801 8831 8855 8857 8869 8881 8882 8886 8895 8920 8930 8935 8950 8958 8963 8971 8985 8990 9000 9016 9019 9047 9048 9068 9076 9081 9108 9119 
	}
	
	history={
		owner = UNI
		add_core_of = UNI
		victory_points = { 8111 20 }
		victory_points = { 8568 15 }
		victory_points = { 1783 15 }
		
		buildings = {
			infrastructure = 3
			arms_factory = 1
			industrial_complex = 1
			8111 = {
				naval_base = 5
			}
			1783 = {
				naval_base = 3
			}
			8568 = {
				naval_base = 3
			}
		}
	}
	
	buildings_max_level_factor=1.000
    manpower=33584900
    state_category = town
}
