state={
	id=26
	name="STATE_26"
	provinces={
		3 44 195 259 268 424 477 502 538 550 555 630 688 713 724 829 839 845 909 994 1030 1045 1109 1111 1125 1160 1256 1261 1359 1373 1383 1439 1717 1739 1802 1861 1949 1983 2090 2092 2129 2180 2243 2247 2329 2383 2393 2394 2400 2496 2497 2507 2514 2617 2642 2751 2776 2779 2797 2925 2942 2973 2988 3017 3094 3095 3241 3321 3322 3343 3420 3519 3553 3589 3689 3706 3708 3759 3793 3828 3904 3922 3996 4135 4274 4388 4393 4432 4454 4465 4630 4650 4704 4725 4776 4778 4870 4912 4982 5012 5075 5079 5261 5263 5275 5315 5405 5413 5419 5448 5486 5489 5608 5630 5728 5975 6128 6157 6164 6264 6270 6399 6404 6446 6603 8079 8080 8081 8127 8128 8137 8146 8150 8158 8162 8163 8167 8177 8180 8181 8201 8220 8221 8228 8237 8253 8278 8283 8288 8289 8290 8300 8322 8336 8337 8352 8353 8354 8360 8373 8383 8405 8422 8423 8430 8434 8439 8441 8468 8469 8483 8498 8499 8506 8523 8531 8532 8553 8562 8563 8594 8607 8615 8650 8658 8678 8683 8719 8775 8783 8809 8867 8898 8908 8926 8949 8964 8986 8995 9011 9071 9094 9138 9151 9157 9177 9190 9200 9209 9213 9236 
	}
	
	History = {
	    owner = UNI
		add_core_of = UNI
	}
	
	manpower=1450000
	buildings_max_level_factor=1
	state_category=town
	local_supplies=0
}
