state={
	id=26
	name="STATE_26"
	provinces={
		3 34 46 65 179 198 262 271 427 463 480 505 541 553 558 633 691 716 727 832 842 848 853 912 997 1033 1048 1101 1112 1114 1128 1164 1260 1265 1363 1377 1387 1443 1722 1744 1807 1867 1955 1989 2096 2098 2135 2186 2249 2253 2335 2376 2389 2399 2400 2406 2503 2504 2514 2521 2624 2649 2669 2760 2785 2788 2806 2934 2951 2983 2998 3027 3064 3104 3105 3220 3240 3251 3332 3333 3354 3430 3529 3563 3599 3687 3700 3717 3719 3770 3804 3839 3915 3934 4000 4009 4148 4287 4293 4402 4407 4446 4468 4479 4543 4644 4664 4718 4739 4790 4792 4885 4927 4997 5027 5090 5094 5181 5277 5279 5291 5332 5422 5423 5431 5437 5466 5504 5507 5627 5649 5748 5996 6132 6137 6150 6179 6186 6286 6292 6322 6331 6421 6426 6468 6623 6628 8106 8107 8108 8154 8155 8164 8173 8177 8185 8189 8190 8194 8204 8207 8208 8228 8247 8248 8255 8264 8280 8305 8310 8315 8316 8317 8327 8349 8363 8364 8379 8380 8381 8387 8400 8410 8432 8449 8450 8458 8462 8467 8469 8481 8497 8498 8512 8513 8528 8529 8536 8537 8554 8562 8563 8584 8593 8594 8625 8638 8646 8679 8684 8692 8712 8717 8753 8809 8817 8844 8884 8904 8924 8936 8946 8964 8987 9002 9024 9033 9049 9111 9126 9135 9181 9194 9199 9201 9221 9222 9235 9245 9250 9254 9258 9279 9281 9292 9297 9300 9327 9333 9361 
	}
	manpower=1000
	buildings_max_level_factor=1
	state_category=large_town
	local_supplies=0
}
