state={
	id=27
	name="STATE_27"
	provinces={
		109 413 704 712 804 856 863 994 1172 1237 1531 1562 1601 1617 1674 1747 1772 1802 2020 2051 2086 2133 2227 2243 2405 2472 2482 2618 2736 2828 2891 2950 3012 3237 3271 3281 3441 3573 3833 3861 3890 3901 4175 4186 4257 4327 4345 4593 4633 4719 4909 5070 5142 5266 5372 5493 5542 5645 5760 5764 5920 6069 6108 6189 6289 6325 6529 6574 6581 8242 8254 8271 8284 8304 8339 8344 8361 8374 8394 8408 8445 8446 8448 8511 8535 8548 8549 8560 8572 8573 8583 8603 8665 8668 8675 8683 8708 8746 8752 8777 8778 8827 8860 8864 8865 8898 
	}
	buildings_max_level_factor=1.000
        manpower=1000
        state_category = large_town
}
