state={
	id=28
	name="STATE_28"
	provinces={
		17 45 53 86 142 161 204 232 238 432 461 495 568 647 896 945 1009 1012 1059 1077 1283 1295 1346 1448 1497 1525 1560 1650 1930 2003 2124 2142 2172 2213 2333 2356 2484 2690 2726 2728 2850 3158 3198 3217 3378 3439 3502 3533 3561 3607 3608 3714 3760 3769 3778 4100 4138 4157 4205 4211 4243 4285 4336 4358 4430 4440 4444 4502 4856 4889 4897 4974 5037 5089 5175 5330 5376 5471 5481 5547 5552 5574 5675 5689 5732 5752 5950 6063 6118 6342 6367 6389 6555 6557 8265 8281 8390 8437 8488 8523 8550 8595 8647 8669 8670 8742 8774 8802 8812 8813 8831 8836 8837 8847 8851 8853 8871 8883 8885 8889 8907 8937 8938 8939 8942 8949 8969 9010 9015 9017 9032 9039 9050 9077 9087 9092 9112 9136 9140 9154 9162 9167 9173 9175 9182 9196 9204 9223 9239 9244 9251 
	}
	buildings_max_level_factor=1.000
        manpower=1000
        state_category = large_town
}
