state={
	id=29
	name="STATE_29"
	provinces={
		19 92 165 331 805 1108 1458 1534 1735 1789 2287 2498 2739 3004 3005 3202 3266 3375 3415 3425 3590 3711 4247 4365 4513 4523 4623 4646 5042 5199 5326 5509 5528 5725 5851 5942 6041 6109 6244 6291 6554 6589 8219 8225 8243 8262 8272 8285 8288 8319 8355 8375 8389 8395 8399 8436 8465 8479 8492 8506 8541 8557 8568 8592 8598 8613 8616 8621 8645 8652 8676 8690 8691 8716 8728 8747 8795 8840 
	}
	buildings_max_level_factor=1.000
        manpower=1000
        state_category = large_town
}
