state={
	id=31
	name="STATE_31"
	provinces={
		16 45 111 154 399 455 576 590 594 600 639 779 803 814 823 852 856 871 932 967 1012 1028 1159 1234 1388 1402 1481 1572 1691 1737 1773 1781 1908 1912 1914 2070 2142 2150 2195 2210 2231 2283 2312 2385 2506 2537 2538 2554 2582 2678 2762 2888 2917 3043 3145 3247 3250 3271 3360 3399 3418 3544 3653 3691 3815 3848 3915 3958 3982 4009 4035 4076 4175 4303 4324 4371 4424 4445 4513 4576 4621 4722 4761 4911 4971 5035 5057 5087 5110 5193 5378 5403 5467 5477 5521 5543 5645 5673 5679 5759 5765 5893 5930 5957 6126 6174 6195 6260 6331 6440 6528 6545 6629 8375 8394 8411 8442 8453 8487 8488 8491 8533 8550 8569 8574 8575 8579 8591 8592 8608 8609 8653 8654 8659 8684 8700 8721 8729 8753 8798 8810 8818 8830 8832 8843 8844 8858 8859 8868 8871 8874 8885 8887 8902 8909 8919 8932 8936 8941 8952 8953 8961 8965 8978 8980 8991 9006 9009 9010 9013 9017 9020 9031 9042 9046 9054 9060 9064 9069 9073 9083 9086 9105 9113 9117 9137 
	}
	
	history={
		owner = NAA
		add_core_of = NAA
		victory_points = { 8818 20 }
		buildings = {
		    8818 = {
				naval_base = 5
			}
		}
	}
	
	buildings_max_level_factor=1.000
    manpower=1000
    state_category = town
}
