state={
	id=35
	name="STATE_35"
	provinces={
		17 51 139 158 201 229 235 492 565 893 1006 1056 1074 1493 1645 2207 2327 2719 2841 3188 3207 3429 3492 3523 3597 3703 3749 3758 4087 4125 4198 4230 4272 4322 4416 4426 4488 5074 5313 5359 5453 5463 5529 5534 5556 5656 5670 5929 6320 6345 6533 8848 8870 8899 8900 8904 8931 8972 8977 8979 8994 9001 9012 9039 9049 9072 9095 9099 9120 9125 9132 9139 9153 9160 9178 9194 9199 9206 
	}
	
	history={
		owner = UNI
		add_core_of = UNI
	}
	
	buildings_max_level_factor=1.000
    manpower=1000
    state_category = town
}
