state={
	id=39
	name="STATE_39"
	provinces={
		28 428 562 634 968 1005 1058 1227 1289 1316 1398 1476 1487 1558 2190 2486 2609 2704 2769 2856 3020 3111 3334 3369 3480 3853 3985 4032 4233 4358 4455 4563 4658 4706 5088 5107 5356 5531 5615 5642 5687 5835 5842 6098 6317 6339 8954 8955 8956 8957 8966 8975 8983 8987 9014 9026 9030 9036 9040 9043 9052 9057 9061 9077 9078 9084 9089 9090 9091 9100 9103 9106 9109 9110 9121 9122 9126 9136 9148 9168 9184 9193 
	}
	
	history={
		owner = DEL
		add_core_of = DEL
	}
	
	buildings_max_level_factor=1.000
    manpower=1000
    state_category = town
}
