state={
	id=44
	name="STATE_44"
	provinces={
		4 56 295 308 388 442 450 682 738 821 901 973 1035 1052 1057 1099 1106 1325 1354 1413 1465 1592 1648 1672 1748 1868 1910 1947 1974 1998 2030 2044 2114 2343 2404 2446 2502 2518 2553 2591 2609 2648 2658 2695 2765 2783 2818 2885 2888 3162 3351 3407 3422 3443 3469 3485 3508 3581 3614 3624 3662 3791 3884 3887 3911 3969 3986 4008 4029 4127 4225 4487 4725 4778 4785 4828 5001 5202 5225 5533 5577 5660 5691 5701 5886 5913 6034 6043 6077 6168 6263 6266 6302 6311 6340 6350 6409 6484 6521 6590 6624 9353 9370 9382 9391 9410 9423 9429 9434 9436 9437 9440 9460 9470 9471 9480 9483 9484 9488 9490 9495 9496 9504 9508 9509 9513 9517 9518 9525 9526 9529 9537 9541 9544 9546 9554 9556 9562 9563 9565 9570 9573 9577 9578 9581 9582 9585 9586 9587 9591 9594 9597 9601 9602 9609 9614 9617 9620 9627 9628 9629 9631 9635 9637 9638 9639 9641 9645 9649 9653 9654 9655 9657 9661 9667 9675 9676 9679 9685 9692 9693 9694 9695 9702 9706 9715 9718 9726 9740 9757 9760 
	}
	buildings_max_level_factor=1.000
        manpower=1000
        state_category = large_town
}
