state={
	id=45
	name="STATE_45"
	provinces={
		54 292 735 818 970 1049 1054 1096 1321 1461 1667 1743 1862 1904 1992 2108 2337 2440 2546 2641 2651 2756 2809 2876 2879 3152 3340 3396 3412 3459 3475 3498 3571 3604 3614 4114 4473 4711 4764 4771 4986 5515 5558 5641 5672 5682 6013 6055 6244 6289 6387 6498 9308 9326 9338 9347 9366 9379 9385 9390 9392 9393 9396 9416 9426 9427 9436 9439 9443 9445 9450 9451 9459 9463 9464 9468 9472 9473 9480 9481 9484 9492 9499 9516 9524 9527 9535 9539 9544 9547 9550 9553 9554 9566 9580 
	}
	
	History = {
	    owner = CHS
		add_core_of = CHS
	}
	
	manpower=1000
	buildings_max_level_factor=1
	state_category=town
	local_supplies=0
}
