state={
	id=5
	name="STATE_5"
	provinces={
		107 190 318 415 433 488 563 635 757 778 804 910 992 1079 1142 1224 1260 1283 1378 1433 1474 1505 1516 1585 1600 1720 1752 1792 1800 1849 1921 2062 2067 2147 2242 2255 2299 2403 2566 2655 2689 2788 2852 2853 2944 2999 3021 3025 3077 3108 3195 3232 3275 3286 3310 3319 3350 3491 3530 3536 3581 3601 3621 3642 3725 3741 3742 3809 3843 3847 3854 3973 4006 4023 4042 4058 4343 4352 4407 4487 4551 4583 4653 4768 5043 5123 5130 5146 5206 5257 5357 5379 5442 5490 5612 5620 5627 5646 5657 5674 5702 5723 5745 5746 5773 5858 5902 5923 5987 6064 6104 6189 6197 6257 6266 6272 6304 6416 6452 6500 6505 6520 6536 6570 7125 7128 7137 7138 7152 7158 7168 7188 7198 7220 7221 7226 7251 7259 7270 7273 7278 7280 7300 7313 7321 7331 7338 7346 7351 7357 7363 7368 7379 7380 7392 7406 7407 7408 7409 7415 7420 7452 7460 7484 7487 7491 7493 7498 7502 7506 7510 7511 7535 7543 7547 7552 7559 7564 7570 7577 7580 7594 7605 7629 7645 7651 7687 7696 7697 7745 7766 7771 7777 7788 7802 7814 7815 7825 7830 7849 7880 7881 7882 7922 7923 7964 7970 8026 8069 8078 
	}
	manpower=1000
	buildings_max_level_factor=1
	state_category=town
	local_supplies=0
}
