state={
	id=52
	name="STATE_52"
	provinces={
		83 106 108 132 151 197 276 285 319 322 326 420 449 465 477 560 562 590 733 795 797 836 920 924 934 974 981 1081 1084 1226 1262 1328 1358 1511 1644 1673 1687 1717 1718 1752 1787 1848 1981 2000 2082 2143 2154 2167 2176 2190 2219 2235 2245 2329 2340 2346 2383 2393 2403 2418 2458 2515 2533 2551 2554 2598 2653 2663 2693 2700 2746 2753 2789 2873 2904 2922 3021 3069 3084 3119 3201 3230 3252 3273 3307 3309 3385 3403 3471 3486 3493 3549 3596 3598 3601 3675 3705 3758 3830 3903 3943 3949 3974 4063 4067 4093 4096 4149 4168 4233 4239 4291 4441 4494 4531 4533 4569 4627 4699 4705 4723 4731 4761 4776 4787 4807 4857 4928 4930 5030 5063 5120 5155 5224 5280 5284 5306 5325 5354 5385 5389 5442 5445 5451 5522 5525 5575 5662 5719 5768 5772 5777 5782 5858 5902 6103 6115 6185 6293 6410 6478 6505 6507 6571 6597 6608 9892 9904 9909 9921 9934 9942 9957 9961 9964 9967 9976 9980 9985 9994 10003 10004 10019 10036 10038 10041 10048 10050 10058 10059 10065 10073 10075 10078 10090 10093 10096 10100 10116 10118 10126 10138 10140 10141 10145 10158 10170 10180 10185 10189 10194 10196 10205 10206 10208 10216 10223 10225 10229 10230 10231 10232 10239 10241 10242 10243 10255 10262 10263 10272 10273 10277 10278 10287 10291 10304 10315 10317 10323 10324 10337 10349 10359 10365 10366 10376 10377 10379 10380 10383 10385 10391 10398 10399 10402 10403 10412 10419 10423 10424 10447 10455 10457 
	}
	buildings_max_level_factor=1.000
        manpower=1000
        state_category = large_town
}
