state={
	id=53
	name="STATE_53"
	provinces={
		323 559 794 833 917 1078 1081 1668 1842 1975 2137 2184 2229 2452 2685 2692 2737 2744 2864 2895 3074 3242 3262 3296 3374 3392 3476 3539 3586 3591 3747 3931 4080 4136 4155 4519 4555 4747 4793 4842 5015 5048 5504 5557 5700 5747 5881 6482 6484 6547 9842 9855 9860 9872 9885 9893 9908 9912 9915 9918 9927 9931 9936 9945 9954 9955 9970 9987 9989 9992 9999 10001 10009 10016 10029 10047 10069 10077 10089 10091 10096 10109 10121 
	}
	buildings_max_level_factor=1.000
        manpower=1000
        state_category = town
}
