state={
	id=54
	name="STATE_54"
	provinces={
		37 82 200 255 300 302 352 407 511 547 594 841 890 894 982 1115 1168 1179 1191 1219 1266 1279 1288 1419 1436 1484 1872 1909 1928 1946 1991 2058 2141 2160 2163 2228 2300 2398 2530 2531 2572 2588 2612 2715 2717 2741 2901 2933 2952 2958 2964 2994 3025 3029 3149 3181 3183 3228 3232 3534 3535 3676 3881 3977 4056 4075 4105 4143 4144 4192 4195 4394 4419 4552 4591 4702 4920 4983 5005 5006 5014 5036 5170 5233 5309 5353 5386 5429 5440 5472 5475 5512 5555 5557 5614 5629 5809 5949 5955 5965 5991 6000 6003 6025 6057 6068 6081 6174 6182 6274 6310 6427 6449 6469 6472 6503 6515 6578 6603 6606 10046 10049 10066 10088 10103 10106 10113 10117 10122 10124 10132 10137 10143 10157 10161 10165 10166 10167 10173 10178 10182 10183 10191 10193 10195 10199 10203 10204 10211 10212 10213 10214 10215 10218 10219 10224 10228 10233 10236 10238 10245 10248 10253 10260 10266 10270 10271 10276 10279 10281 10282 10292 10308 10309 10311 10320 10327 10332 10333 10335 10336 10340 10342 10351 10356 10362 10368 10382 10384 10386 10387 10390 10395 10401 10406 10407 10409 10411 10417 10418 10421 10432 10433 10434 10440 10441 10464 
	}
	buildings_max_level_factor=1.000
        manpower=1000
        state_category = large_town
}
