state={
	id=55
	name="STATE_55"
	provinces={
		36 79 197 252 297 299 349 404 508 544 591 838 887 891 979 1112 1164 1175 1187 1215 1262 1275 1284 1415 1432 1480 1866 1903 1922 1940 1985 2052 2135 2154 2157 2222 2294 2392 2523 2524 2565 2581 2605 2707 2709 2732 2892 2924 2943 2949 2955 2984 3015 3019 3139 3171 3173 3218 3222 3524 3525 3666 3870 3965 4043 4062 4092 4130 4131 4179 4182 4380 4405 4538 4577 4688 4905 4968 4990 4991 4999 5021 5155 5217 5292 5336 5369 5411 5422 5454 5457 5494 5537 5539 5595 5610 5788 5928 5934 5944 5970 5979 5982 6004 6036 6046 6059 6152 6160 6252 6288 6405 6427 6447 6450 6480 6492 6554 6579 6582 9997 10000 10017 10039 10054 10057 10064 10068 10073 10075 10083 10088 10094 10108 10112 10116 10117 10118 10124 10129 10133 10134 10142 10144 10146 10150 10154 10155 10162 10163 10164 10165 10166 10169 10170 10175 10179 10184 10187 10189 10196 10199 10204 10211 10217 10221 10222 10227 10230 10232 10233 10243 10259 10260 10262 10271 10278 10283 10284 10286 10287 10291 10293 10302 10307 10313 10319 10333 10335 10337 10338 10341 10346 10352 10357 10358 10360 10362 10368 10369 10372 10383 10384 10385 10391 10392 10415 
	}
	
	history={
		owner = ISL
		add_core_of = ISL
	}
	
	buildings_max_level_factor=1.000
    manpower=1000
    state_category = town
}
