state={
	id=57
	name="STATE_57"
	provinces={
		259 286 379 1094 1104 1134 1155 1240 1460 1489 1612 1759 1878 2126 2198 2359 2368 2444 2996 3060 3405 3440 3512 3519 3572 3725 3735 3754 3807 3821 3937 3975 4058 4107 4252 4415 4511 4631 4652 4687 4695 4727 4832 4865 4875 4921 4963 4990 5018 5310 5322 5411 5612 5666 5869 5875 5903 6160 6243 6329 6341 6382 6400 6440 6488 6629 10267 10268 10283 10295 10296 10299 10318 10326 10334 10344 10345 10352 10354 10360 10371 10393 10426 10430 10449 10459 10466 10474 10484 10499 10504 10507 10528 10549 10563 10565 10569 10583 10598 10602 10622 10633 10646 10661 10671 10673 10677 10678 10714 10715 10734 10738 
	}
	buildings_max_level_factor=1.000
        manpower=1000
        state_category = large_town
}
