state={
	id=58
	name="STATE_58"
	provinces={
		365 404 503 580 849 939 991 1060 1201 1230 1248 1391 1710 1798 1888 1959 2470 2655 2708 3040 3306 3784 4237 4381 4406 4499 4681 5324 5487 5672 5819 6072 6299 6492 10358 10370 10375 10394 10397 10425 10442 10467 10475 10482 10488 10516 10523 10535 10537 10548 10550 10555 10556 10564 10571 10573 10582 10587 10590 10595 10617 10632 10644 10651 10669 10674 10675 10682 10693 
	}
	buildings_max_level_factor=1.000
        manpower=1000
        state_category = large_town
}
