state={
	id=59
	name="STATE_59"
	provinces={
		44 60 88 103 168 203 252 287 307 468 473 726 787 834 845 926 937 1019 1117 1158 1198 1245 1301 1305 1393 1440 1467 1495 1521 1532 1549 1733 1859 1915 1942 1976 1986 2034 2077 2078 2091 2128 2331 2339 2365 2440 2447 2475 2538 2704 2758 2795 2811 2863 3010 3017 3172 3188 3253 3348 3381 3462 3487 3498 3538 3550 3558 3649 3653 3743 3763 3790 3939 4086 4140 4271 4278 4539 4540 4637 4660 4766 4846 4881 4911 4923 4969 5016 5101 5130 5173 5192 5265 5468 5530 5572 5671 5771 5953 5980 5984 5987 6114 6144 6206 6220 6234 6313 6470 6535 6541 10438 10465 10477 10478 10490 10491 10493 10511 10512 10524 10543 10546 10552 10562 10575 10578 10579 10588 10605 10607 10609 10615 10619 10625 10627 10635 10638 10642 10655 10658 10668 10689 10694 10705 10713 10716 10717 10718 10720 10724 10733 10737 10739 10747 10754 10755 10773 10774 10799 10803 10810 10819 10825 10838 10839 10840 10842 10851 10856 10864 10865 10866 10871 10879 10906 10911 10916 10926 10932 
	}
	buildings_max_level_factor=1.000
        manpower=1000
        state_category = large_town
}
