state={
	id=6
	name="STATE_6"
	provinces={
		57 108 647 950 1150 1272 1414 1632 1649 1796 2088 2406 3328 3406 3514 3723 3820 4306 4314 4328 4378 4536 4627 4692 4872 5097 5279 5484 5648 5721 5768 5829 5927 6129 6467 6568 6587 6628 6686 6704 6708 6715 6716 6717 6720 6725 6727 6732 6734 6735 6736 6737 6738 6739 6740 6741 6742 6746 6747 6748 6751 6752 6755 6756 6758 6759 6760 6761 6762 6763 6764 6768 6770 6771 6775 6780 6782 6783 6788 
	}
	buildings_max_level_factor=1.000
        manpower=1000
        state_category = town
}
