state={
	id=60
	name="STATE_60"
	provinces={
		84 124 167 171 186 215 229 256 279 297 345 346 399 448 654 675 800 840 907 928 940 985 987 1011 1068 1090 1143 1229 1309 1427 1567 1600 1628 1685 1721 1750 1753 1829 1917 2336 2430 2480 2646 2725 2744 2810 2908 2973 2982 3072 3079 3086 3103 3193 3226 3247 3352 3359 3438 3481 3518 3526 3562 3593 3748 3766 3835 3842 3860 3918 3995 4018 4028 4032 4116 4162 4174 4217 4251 4272 4322 4390 4417 4493 4583 4601 4624 4859 4870 4906 4916 4977 4982 4984 5035 5083 5100 5118 5140 5220 5275 5276 5286 5294 5302 5368 5465 5537 5603 5605 5694 5705 5784 5841 5907 5960 6013 6106 6175 6238 6260 6267 6372 6414 6433 6549 6600 6601 6616 10832 10845 10867 10878 10888 10895 10908 10915 10917 10918 10919 10922 10923 10924 10929 10936 10937 10941 10949 10952 10956 10977 10978 10985 10999 11006 11008 11011 11016 11019 11020 11035 11038 11041 11042 11043 11045 11048 11051 11057 11058 11059 11060 11075 11076 11079 11084 11086 11092 11094 11095 11096 11100 11109 11112 11119 11121 11127 11128 11130 11134 11136 11137 11138 11139 11141 11143 11144 11146 11148 11149 11154 11155 11156 11165 11168 11170 11171 11173 11176 11177 11183 11186 11187 11188 
	}
	buildings_max_level_factor=1.000
        manpower=1000
        state_category = large_town
}
