state={
	id=61
	name="STATE_61"
	provinces={
		81 121 164 168 183 212 226 253 276 294 342 343 396 445 651 672 797 837 904 925 937 982 984 1008 1065 1087 1140 1225 1305 1423 1562 1595 1623 1680 1716 1745 1748 1823 1911 2330 2424 2474 2639 2717 2735 2801 2899 2964 2972 3062 3069 3076 3093 3183 3216 3237 3341 3348 3428 3471 3508 3516 3552 3583 3737 3755 3824 3831 3849 3907 3983 4005 4015 4019 4103 4149 4161 4204 4238 4259 4308 4376 4403 4479 4569 4587 4610 4844 4855 4891 4901 4962 4967 4969 5020 5068 5085 5103 5125 5204 5259 5260 5270 5278 5285 5351 5447 5519 5584 5586 5675 5686 5763 5820 5886 5939 5992 6084 6153 6216 6238 6245 6350 6392 6411 6526 6576 6577 6591 10782 10795 10796 10818 10829 10839 10846 10859 10867 10869 10870 10871 10874 10875 10876 10881 10888 10889 10893 10901 10904 10908 10929 10930 10937 10951 10958 10960 10963 10968 10971 10972 10987 10990 10993 10994 10995 10997 11000 11003 11009 11010 11011 11012 11027 11028 11031 11036 11038 11044 11046 11047 11048 11052 11061 11064 11071 11073 11079 11080 11082 11086 11088 11089 11090 11091 11093 11095 11096 11098 11100 11101 11106 11107 11108 11117 11120 11122 11123 11125 11128 11129 11135 11138 11139 11140 
	}
	buildings_max_level_factor=1.000
        manpower=1000
        state_category = town
}
