state={
	id=67
	name="STATE_67"
	provinces={
		28 159 431 565 637 651 1008 1061 1231 1293 1320 1402 1491 2493 2526 2616 2778 2865 3030 3121 3276 3345 3490 3746 3851 3864 4045 4246 4350 4577 4809 5103 5122 5373 5549 5560 5634 5706 5861 5863 6120 6361 6394 8994 8995 9004 9021 9025 9052 9064 9068 9074 9078 9081 9100 9118 9124 9130 9131 9132 9144 9150 9151 9163 9164 9168 9179 9191 9198 9211 9212 9217 9229 9238 9256 9262 9266 9273 9287 9315 9348 9355 
	}
	buildings_max_level_factor=1.000
        manpower=1000
        state_category = large_town
}
