state={
	id=69
	name="STATE_69"
	provinces={
		21 25 39 46 132 180 191 224 248 331 398 509 561 616 733 737 743 878 944 1071 1077 1230 1393 1619 1664 1812 1876 1919 2055 2068 2073 2126 2140 2174 2191 2266 2301 2417 2548 2583 2620 2625 2712 2728 2814 2886 2954 3318 3510 3624 3686 3839 3878 3968 4193 4247 4592 4624 4649 4787 4939 5009 5092 5212 5221 5349 5602 5619 5719 5810 6009 6025 6053 6109 6145 6213 6219 6352 6475 6537 6580 6593 6927 6928 6932 6945 6949 6968 6975 6991 6996 6997 7014 7018 7023 7024 7031 7035 7042 7047 7049 7058 7059 7076 7086 7087 7088 7103 7106 7108 7116 7144 7146 7166 7175 7181 7182 7209 7216 7241 7246 7255 7261 7282 7289 7308 7322 7340 7348 7356 7371 7400 
	}
	buildings_max_level_factor=1.000
        manpower=1000
        state_category = town
}
