state={
	id=70
	name="STATE_70"
	provinces={
		29 63 75 104 110 119 143 237 335 337 351 353 366 377 387 426 450 454 473 515 520 540 602 612 623 661 664 678 683 739 740 749 761 765 775 796 847 863 905 914 922 924 960 975 995 1025 1033 1064 1095 1121 1130 1190 1242 1250 1329 1344 1380 1455 1460 1553 1576 1599 1604 1613 1627 1640 1656 1679 1791 1804 1811 1830 1897 1956 2065 2087 2116 2185 2187 2217 2224 2271 2324 2326 2481 2493 2520 2534 2572 2580 2589 2599 2619 2660 2706 2794 2803 2812 2818 2823 2834 2843 2848 2926 2956 2966 2980 2983 3010 3049 3066 3089 3114 3127 3128 3132 3143 3200 3228 3254 3282 3316 3320 3345 3383 3393 3407 3416 3423 3458 3494 3503 3535 3567 3603 3613 3623 3697 3761 3784 3802 3833 3834 3852 3883 3887 3916 3940 3945 3969 4011 4057 4128 4134 4148 4164 4208 4223 4285 4302 4330 4357 4521 4550 4567 4605 4659 4703 4756 4802 4822 4826 4868 4888 4997 5032 5046 5049 5071 5076 5091 5102 5134 5148 5187 5237 5266 5297 5348 5367 5538 5590 5597 5614 5622 5658 5714 5801 5822 5962 6023 6037 6048 6090 6154 6170 6217 6243 6248 6322 6337 6379 6463 6497 6572 6588 6607 6627 6633 7185 7205 7214 7230 7234 7247 7253 7262 7279 7286 7290 7296 7303 7306 7309 7310 7325 7326 7333 7342 7345 7349 7354 7358 7364 7375 7381 7387 7395 7396 7401 7411 7412 7422 7424 7425 7426 7428 7435 7450 7453 7458 7461 7468 7472 7477 7500 7507 7514 7527 7537 7545 7546 7549 7556 7560 7576 7587 7602 7607 7608 7612 7636 7637 7642 7649 7656 7661 7664 7665 7680 7684 7685 7700 7705 7712 7731 7740 7741 7748 7755 7756 7757 7775 7779 7790 7801 7803 7820 7821 7828 7832 7834 7844 7853 7854 7857 7866 7873 7887 7902 7907 7915 7920 7943 7949 7950 7955 7956 7962 7977 7978 8017 8018 8021 8035 8053 8054 8074 8082 8083 8099 8104 8115 8121 8130 8142 8164 8170 8173 8203 8230 8231 8239 8268 8280 8291 8319 8329 8339 8377 8412 8472 8511 
	}
	
	History = {
	    owner = MUR
		add_core_of = MUR
	}
	
	manpower=1000
	buildings_max_level_factor=1
	state_category=town
	local_supplies=0
}
