state={
	id=70
	name="STATE_70"
	provinces={
		148 247 557 578 607 623 659 670 683 775 830 1185 1195 1202 1259 1327 1331 1357 1514 1576 1578 1670 1671 1691 1711 1792 1826 1835 1844 1896 1902 1903 1906 2017 2144 2155 2159 2296 2388 2666 2680 2723 2734 2802 2868 2945 3032 3045 3141 3239 3268 3298 3319 3376 3401 3592 3620 3667 3695 3787 3950 3973 4043 4057 4111 4306 4319 4460 4500 4548 4557 4561 4587 4589 4665 4800 4810 4970 5029 5049 5053 5099 5114 5166 5167 5321 5559 5571 5625 5650 5669 5837 6107 6157 6343 6450 6461 7558 7575 7602 7606 7624 7646 7662 7682 7687 7695 7706 7710 7725 7726 7730 7731 7751 7757 7766 7781 7796 7800 7801 7813 7816 7836 7837 7870 7898 7915 7922 7925 7933 7946 7953 7954 7969 7981 7994 7999 8003 8021 8022 8043 8087 8091 8092 8100 8121 8132 8140 8141 8147 8156 8165 8174 8195 8196 8209 8216 8229 8236 8244 8250 8251 8256 8270 8294 8301 8350 8365 8370 8403 
	}
	manpower=1000
	buildings_max_level_factor=1
	state_category=large_town
	local_supplies=0
}
