state={
	id=72
	name="STATE_72"
	provinces={
		7 32 60 71 73 115 124 125 126 134 138 170 214 219 236 241 263 264 274 280 300 306 347 406 421 423 459 482 501 504 514 522 535 537 545 558 585 596 615 621 631 637 665 687 695 741 745 747 750 755 777 786 787 800 826 849 865 998 1007 1015 1019 1022 1041 1067 1093 1110 1137 1170 1178 1192 1200 1235 1237 1240 1252 1270 1274 1281 1338 1355 1362 1367 1370 1379 1382 1408 1438 1496 1499 1500 1524 1547 1548 1579 1582 1583 1592 1615 1618 1625 1629 1637 1659 1672 1683 1715 1724 1731 1765 1776 1780 1786 1798 1806 1814 1831 1847 1888 1932 1950 1966 1969 1990 1995 2002 2037 2079 2100 2101 2115 2117 2141 2168 2172 2181 2262 2272 2314 2376 2404 2427 2525 2527 2530 2536 2542 2553 2564 2570 2574 2575 2577 2626 2640 2645 2662 2665 2677 2721 2734 2736 2792 2833 2838 2874 2898 2902 2914 2952 2953 2960 2962 2977 3001 3012 3018 3037 3042 3056 3065 3068 3073 3078 3084 3087 3096 3097 3106 3122 3141 3151 3197 3225 3255 3269 3281 3294 3335 3342 3344 3384 3411 3450 3474 3556 3557 3576 3592 3593 3609 3629 3636 3659 3662 3682 3687 3695 3722 3744 3753 3769 3774 3798 3801 3807 3860 3869 3884 3902 3905 3911 3920 3950 3966 3980 3986 3991 3993 4017 4034 4060 4069 4070 4100 4102 4112 4120 4132 4147 4163 4166 4170 4171 4172 4188 4189 4225 4257 4260 4282 4286 4293 4295 4329 4391 4400 4439 4443 4456 4457 4472 4498 4505 4530 4540 4571 4588 4593 4601 4631 4718 4732 4734 4774 4775 4780 4781 4852 4878 4943 4958 4973 4988 5004 5019 5030 5050 5063 5096 5101 5126 5129 5139 5182 5189 5229 5251 5265 5282 5341 5354 5400 5416 5429 5449 5468 5470 5572 5618 5632 5635 5678 5718 5730 5738 5744 5755 5794 5806 5809 5819 5824 5827 5846 5857 5863 5911 5933 5955 5960 5976 6065 6067 6079 6117 6120 6150 6178 6194 6199 6214 6225 6234 6261 6265 6281 6285 6313 6325 6338 6340 6344 6356 6376 6382 6386 6449 6538 6562 6583 6597 6610 7126 7151 7162 7167 7196 7202 7211 7224 7233 7239 7240 7258 7275 7293 7294 7298 7307 7323 7327 7328 7329 7330 7336 7344 7350 7365 7366 7367 7377 7383 7390 7397 7398 7418 7423 7433 7436 7440 7443 7454 7455 7464 7470 7474 7475 7479 7482 7490 7496 7505 7509 7515 7516 7517 7523 7532 7538 7539 7540 7541 7551 7563 7567 7568 7569 7572 7589 7592 7598 7599 7613 7615 7616 7617 7618 7620 7621 7627 7638 7639 7643 7658 7662 7666 7671 7673 7674 7675 7686 7706 7707 7714 7718 7728 7733 7736 7737 7738 7744 7761 7762 7763 7780 7782 7783 7791 7792 7796 7804 7805 7811 7824 7829 7835 7839 7847 7848 7858 7867 7868 7872 7874 7875 7876 7877 7878 7879 7889 7908 7916 7928 7929 7930 7933 7934 7947 7957 7979 7984 7985 7988 7989 7996 8003 8008 8019 8023 8024 8029 8030 8040 8041 8044 8045 8055 8061 8067 8075 8076 8084 8091 8092 8095 8101 8108 8149 8159 8160 8165 8171 8172 8174 8175 8196 8199 8206 8207 8212 8213 8225 8232 8233 8234 8240 8241 8250 8260 8262 8270 8271 8284 8296 8301 8302 8303 8304 8308 8309 8314 8324 8331 8340 8349 8356 8361 8365 8378 8384 8385 8406 8413 8424 8425 8431 8432 8444 8445 8448 8473 8474 8475 8479 8484 8485 8494 8495 8500 8507 8508 8520 8527 8534 8540 8551 8558 8565 8580 8581 8587 8604 8612 8618 8619 8623 8626 8629 8633 8635 8655 8668 8669 8680 8681 8690 8691 8692 8705 8709 8722 8734 8735 8739 8741 8749 8750 8762 8766 8769 8770 8780 8781 8787 8800 8803 8825 8826 8841 8842 8849 8851 8865 8875 8879 8888 8891 8892 8894 8903 8918 8927 
	}
	
	history={
		owner = MUR
		add_core_of = MUR
	}
	
	buildings_max_level_factor=1.000
    manpower=1000
    state_category = town
}
