state={
	id=72
	name="STATE_72"
	provinces={
		237 264 273 299 337 489 542 567 711 793 954 1072 1232 1312 1840 1873 1912 2033 2040 2052 2108 2145 2361 2392 2471 2578 2600 2654 2718 2791 2872 3077 3123 3218 3551 3657 3683 4258 4284 4403 4691 4758 5564 5580 5587 5611 5622 5833 5842 6138 6195 6248 6429 6524 9290 9301 9306 9310 9320 9321 9337 9346 9350 9365 9366 9372 9377 9381 9385 9397 9401 9411 9416 9445 9449 9453 9465 9466 9467 9469 9485 9493 9499 9501 9506 9507 9516 9528 
	}
	manpower=1000
	buildings_max_level_factor=1
	state_category=large_town
	local_supplies=0
}
