state={
	id=73
	name="STATE_73"
	provinces={
		145 656 667 680 772 827 1181 1255 1323 1327 1353 1510 1571 1573 1665 1686 1787 1820 1829 1838 1890 1896 1900 2011 2149 2153 2290 2382 2659 2672 2715 2725 2793 2859 2936 3022 3035 3308 3390 3610 3684 3776 3938 3961 4044 4292 4305 4446 4534 4543 4547 4573 4786 4955 5014 5038 5099 5151 5541 5553 5650 6085 6428 6439 7668 7699 7739 7754 7769 7774 7789 7810 7888 7895 7898 7906 7927 7942 7967 7972 7994 7995 8060 8065 8073 8094 8105 8113 8114 8120 8129 8138 8147 8168 8169 8182 8189 8202 8209 8217 8223 8224 8229 8243 8267 8274 8323 8338 8343 8376 
	}
	
	History = {
	    owner = MUR
		add_core_of = MUR
	}	
	
	manpower=1000
	buildings_max_level_factor=1
	state_category=town
	local_supplies=0
}
