state={
	id=74
	name="STATE_74"
	provinces={
		208 230 278 400 422 434 483 556 653 655 795 1037 1051 1089 1218 1335 1339 1352 1462 1535 1577 1676 1723 1732 1880 1895 1948 1984 2051 2094 2095 2106 2164 2199 2232 2278 2279 2419 2429 2451 2472 2473 2674 2698 2722 2747 2784 2824 2897 2904 2947 2993 3006 3058 3092 3175 3268 3272 3466 3549 3565 3605 3693 3738 3746 3845 3917 3998 4026 4047 4108 4139 4141 4143 4174 4215 4409 4415 4597 4682 4821 4902 4931 5045 5111 5420 5432 5458 5589 5594 5611 5731 5844 5852 5969 6017 6066 6134 6140 6177 6203 6489 6625 7695 7725 7751 7770 7781 7797 7806 7812 7822 7859 7899 7935 7980 7986 7990 8009 8010 8025 8047 8068 8077 8093 8102 8124 8166 8183 8193 8218 8242 8248 8263 8272 8305 8306 8327 8332 8341 8344 8350 8357 8371 8386 8389 8396 8399 8407 8414 8433 8449 8460 8470 8480 8496 8501 8502 8509 8524 8535 8545 8554 8588 8589 8596 8605 8646 8662 8693 8723 8754 8763 8792 8795 8812 8836 
	}
	
	History = {
	    owner = DEL
		add_core_of = DEL
	}
	
	manpower=1000
	buildings_max_level_factor=1
	state_category=town
	local_supplies=0
}
