state={
	id=75
	name="STATE_75"
	provinces={
		10 257 266 329 412 420 560 613 638 642 744 805 807 870 897 969 996 1042 1102 1136 1153 1193 1208 1219 1220 1413 1458 1518 1538 1588 1621 1624 1635 1744 1818 1841 1907 1923 2035 2158 2163 2218 2228 2252 2260 2265 2273 2332 2339 2343 2372 2407 2585 2597 2690 2708 2806 2832 2860 2861 2971 2998 3081 3100 3201 3212 3236 3378 3478 3522 3531 3546 3612 3626 3650 3800 3918 4022 4185 4201 4227 4339 4349 4508 4614 4668 4701 4900 4910 4960 4978 4989 5081 5089 5121 5167 5317 5352 5473 5544 5604 5655 5671 5913 6051 6099 6158 6168 6230 6250 6409 6459 7610 7630 7667 7670 7677 7688 7709 7710 7715 7729 7742 7758 7767 7784 7826 7833 7836 7841 7856 7893 7903 7904 7910 7931 7937 7938 7965 7991 8004 8013 8014 8027 8028 8056 8057 8087 8109 8126 8136 8145 8155 8185 8186 8190 8191 8195 8226 8249 8256 8266 8287 8299 8315 8316 8374 8391 8415 8416 8428 8450 8462 8476 8486 8515 8548 8556 8578 8599 8624 8725 8755 
	}
	
	history = {
	    owner = CEN
		add_core_of = CEN
		victory_points = { 1744 25 }
	}
	
	manpower=3856000
	buildings_max_level_factor=1
	state_category=city
	local_supplies=0
}
