state={
	id=75
	name="STATE_75"
	provinces={
		64 158 196 689 1109 1159 1322 1341 1430 1741 1944 2015 2242 2310 2311 2314 2355 2512 2675 2677 2748 2859 2902 2912 2919 2940 2942 3130 3396 3420 3594 3632 3792 3906 3961 4114 4120 4126 4248 4268 4424 4703 4873 5043 5054 5098 5110 5133 5331 5455 5912 5921 6002 6017 6104 6250 6495 6502 6566 6585 10581 10584 10585 10589 10594 10596 10601 10604 10616 10621 10631 10636 10637 10643 10650 10656 10659 10660 10662 10663 10664 10672 10676 10681 10685 10690 10692 10696 10701 10702 10711 10712 10725 10736 10740 
	}
	manpower=1000
	buildings_max_level_factor=1
	state_category=large_town
	local_supplies=0
}
