state={
	id=75
	name="STATE_75"
	provinces={
		10 113 203 228 257 266 329 412 420 560 611 613 638 642 744 805 807 821 822 869 870 897 912 969 974 996 1013 1042 1102 1136 1144 1153 1193 1206 1208 1219 1220 1413 1458 1518 1538 1549 1588 1621 1624 1635 1657 1677 1744 1760 1764 1818 1841 1865 1907 1923 2035 2039 2078 2114 2158 2163 2218 2228 2252 2260 2265 2273 2332 2338 2339 2343 2351 2372 2407 2494 2560 2585 2597 2676 2690 2708 2723 2760 2772 2777 2805 2806 2832 2858 2860 2861 2919 2935 2971 2975 2990 2998 3026 3081 3085 3100 3103 3201 3212 3236 3279 3285 3378 3478 3522 3531 3546 3600 3612 3626 3650 3800 3818 3913 3918 4000 4022 4099 4151 4185 4195 4201 4227 4241 4246 4339 4349 4508 4542 4556 4614 4668 4690 4701 4743 4880 4900 4910 4944 4960 4978 4989 5041 5081 5089 5121 5128 5167 5200 5207 5317 5352 5473 5544 5552 5604 5629 5655 5671 5828 5887 5913 5915 5937 5952 6051 6074 6080 6099 6158 6168 6230 6250 6332 6408 6409 6459 7610 7630 7647 7667 7670 7677 7688 7709 7710 7715 7729 7742 7758 7767 7784 7826 7833 7836 7841 7856 7893 7903 7904 7910 7931 7937 7938 7965 7991 8004 8013 8014 8027 8028 8056 8057 8087 8109 8126 8136 8145 8155 8185 8186 8190 8191 8195 8226 8249 8256 8266 8287 8299 8315 8316 8346 8374 8391 8415 8416 8417 8428 8440 8443 8450 8462 8466 8476 8486 8515 8516 8536 8547 8548 8549 8556 8557 8578 8599 8613 8624 8664 8673 8676 8704 8720 8725 8726 8728 8731 8752 8755 8756 8758 8759 8772 8773 8786 8788 8804 8814 8823 8827 8834 8839 8850 8854 8862 8863 8878 8897 8916 8924 8925 8946 8951 8970 9005 9024 
	}
	buildings_max_level_factor=1.000
        manpower=1000
        state_category = town
}
