state={
	id=77
	name="STATE_77"
	provinces={
		31 67 112 171 179 187 222 260 286 312 321 325 344 352 355 363 364 375 386 414 437 469 479 481 519 579 581 646 670 676 690 697 715 722 731 752 756 788 789 806 812 830 843 855 862 892 894 926 938 948 959 961 972 973 980 986 987 1097 1127 1128 1138 1139 1141 1146 1169 1172 1173 1177 1182 1199 1204 1229 1266 1307 1313 1326 1332 1341 1356 1365 1366 1390 1391 1407 1419 1430 1446 1448 1498 1515 1530 1536 1560 1602 1611 1626 1652 1673 1675 1692 1693 1695 1718 1794 1825 1844 1854 1869 1898 1928 1955 1958 1986 1998 2015 2040 2060 2066 2155 2171 2182 2201 2214 2215 2216 2230 2238 2274 2277 2295 2348 2358 2413 2487 2515 2557 2579 2615 2631 2653 2654 2693 2695 2720 2726 2785 2800 2829 2844 2847 2887 2890 2891 2927 2957 2974 3060 3086 3135 3144 3157 3167 3302 3351 3355 3359 3366 3376 3377 3391 3395 3424 3425 3426 3445 3446 3497 3499 3564 3590 3628 3634 3685 3712 3762 3787 3835 3856 3882 3901 3914 3921 3944 3960 3975 4014 4025 4071 4085 4091 4168 4169 4183 4194 4202 4216 4217 4252 4287 4327 4379 4435 4442 4444 4469 4476 4489 4493 4548 4562 4568 4589 4611 4615 4622 4635 4669 4671 4683 4695 4702 4739 4784 4801 4817 4825 4830 4839 4892 4919 4936 4942 4947 4952 4964 4974 5018 5031 5077 5142 5181 5240 5244 5255 5276 5298 5310 5326 5340 5343 5386 5395 5406 5409 5425 5471 5518 5609 5638 5689 5695 5709 5787 5883 5910 5967 5989 5993 6000 6052 6056 6105 6118 6139 6187 6202 6232 6236 6268 6273 6283 6299 6326 6330 6333 6370 6371 6374 6414 6415 6425 6454 6508 6534 6541 6544 6567 6609 9123 9140 9149 9150 9164 9165 9175 9176 9179 9180 9187 9191 9196 9197 9198 9202 9212 9214 9215 9218 9219 9220 9223 9224 9225 9227 9231 9235 9238 9239 9240 9241 9243 9244 9250 9251 9257 9259 9260 9262 9263 9264 9267 9268 9271 9272 9278 9279 9283 9284 9285 9286 9287 9290 9291 9294 9295 9296 9297 9298 9304 9309 9311 9313 9314 9315 9317 9319 9320 9324 9325 9327 9329 9331 9332 9334 9335 9336 9340 9343 9344 9345 9346 9348 9349 9350 9351 9352 9354 9355 9356 9359 9360 9361 9362 9363 9364 9369 9370 9371 9373 9374 9376 9377 9378 9380 9381 9382 9384 9388 9389 9391 9394 9395 9398 9399 9400 9402 9403 9404 9406 9408 9410 9411 9412 9413 9414 9415 9417 9418 9419 9420 9424 9428 9429 9430 9431 9432 9433 9434 9435 9437 9438 9441 9442 9444 9446 9447 9449 9452 9453 9455 9457 9458 9460 9465 9466 9467 9469 9470 9474 9475 9476 9477 9478 9479 9482 9485 9486 9487 9488 9489 9490 9491 9493 9494 9495 9497 9498 9500 9502 9503 9504 9505 9506 9507 9508 9510 9513 9514 9515 9521 9522 9525 9526 9529 9530 9533 9534 9541 9542 9545 9548 9556 9557 9565 
	}
	
	history={
		owner = CAL
		add_core_of = CAL
	}
	
	manpower=1000
	buildings_max_level_factor=1
	state_category=town
	local_supplies=0
}
