state={
	id=82
	name="STATE_82"
	provinces={
		4 292 305 385 439 447 679 898 1032 1054 1103 1350 1409 1587 1643 1941 1968 2024 2038 2108 2398 2495 2511 2584 2602 2687 2756 2774 3433 3459 3614 3652 3780 3873 3876 3900 3957 3974 3995 4016 4212 4814 5186 5209 5865 5892 6022 6055 6146 6241 6244 6280 6318 6328 6462 6566 6599 9481 9496 9501 9509 9511 9517 9519 9531 9532 9535 9536 9538 9540 9544 9547 9550 9553 9554 9561 9566 9569 9572 9579 9580 9581 9583 9586 9588 9589 9590 9592 9596 9600 9604 9605 9606 9608 9612 9618 9626 9627 9630 9636 9642 9643 9644 9645 9652 9656 9665 9668 9676 9690 9707 9710 
	}
	
	history={
		owner = CHS
		add_core_of = CHS
	}
	
	buildings_max_level_factor=1.000
    manpower=1000
    state_category = town
}
