state={
	id=83
	name="STATE_83"
	provinces={
		41 80 148 316 417 436 446 462 557 587 730 921 928 978 1222 1258 1534 1639 1712 1713 1747 1782 1808 1994 2131 2134 2148 2197 2323 2334 2340 2387 2397 2508 2544 2547 2591 2670 2780 2913 3011 3059 3198 3461 3483 3487 3588 3665 3694 3892 3937 3962 4054 4083 4200 4278 4427 4685 4691 4773 4913 5105 5264 5268 5289 5337 5368 5372 5424 5433 5466 5643 5751 5756 5761 5837 6081 6149 6163 6388 6573 6584 10010 10024 10026 10041 10044 10051 10067 10092 10131 10136 10140 10147 10156 10157 10167 10174 10176 10181 10183 10190 10192 10193 10194 10214 10229 10242 10274 10300 10327 10328 10334 10350 10354 10363 10370 10375 10398 10406 10408 10423 10437 10452 10453 10471 10521 
	}
	buildings_max_level_factor=1.000
        manpower=1000
        state_category = town
}
