state={
	id=85
	name="STATE_85"
	provinces={
		23 33 55 142 144 188 199 395 409 438 451 457 468 513 536 541 551 574 640 652 654 658 660 684 727 728 782 798 836 841 854 879 895 953 956 962 964 966 997 1026 1108 1118 1135 1231 1276 1282 1325 1351 1371 1452 1513 1552 1584 1586 1663 1690 1699 1701 1749 1772 1788 1790 1816 1868 1902 1951 1952 1957 1963 1976 1989 2016 2022 2023 2030 2031 2032 2081 2097 2103 2156 2179 2202 2297 2356 2374 2381 2425 2448 2463 2492 2513 2578 2594 2673 2680 2752 2754 2755 2781 2837 2862 2866 2900 2916 2922 2939 2946 2978 2992 3005 3009 3031 3039 3110 3169 3180 3185 3193 3211 3231 3251 3289 3346 3456 3495 3561 3568 3574 3579 3620 3644 3664 3672 3676 3677 3750 3766 3772 3775 3823 3867 3872 3896 3919 3930 3955 4013 4021 4038 4053 4055 4122 4140 4156 4199 4228 4240 4250 4318 4353 4359 4452 4460 4559 4594 4608 4626 4645 4679 4710 4806 4815 4820 4846 4875 4921 4926 4933 4981 4994 5005 5052 5054 5082 5131 5164 5198 5246 5303 5306 5331 5334 5399 5474 5481 5487 5497 5499 5520 5523 5591 5605 5716 5727 5735 5779 5792 5799 5864 5897 5941 5986 5998 6035 6039 6054 6057 6069 6077 6112 6136 6159 6161 6190 6239 6242 6258 6276 6293 6368 6375 6377 6400 6421 6435 6460 6461 6476 6499 6519 6529 6551 9721 9734 9735 9737 9740 9749 9756 9759 9763 9766 9773 9774 9777 9782 9783 9790 9791 9792 9794 9795 9800 9802 9803 9807 9812 9815 9816 9818 9819 9824 9825 9826 9829 9835 9838 9840 9841 9844 9845 9846 9848 9849 9853 9859 9863 9864 9866 9874 9875 9878 9883 9888 9895 9896 9897 9900 9905 9907 9910 9916 9921 9924 9928 9929 9932 9937 9938 9940 9943 9946 9947 9948 9949 9953 9956 9957 9958 9963 9966 9967 9969 9971 9973 9975 9976 9980 9982 9983 9985 9986 9990 9996 10002 10003 10004 10006 10007 10011 10012 10018 10019 10027 10030 10031 10036 10042 10045 10048 10049 10050 10059 10063 10070 10071 10074 10076 10078 10079 10081 10082 10086 10087 10090 10093 10097 10098 10100 10103 10104 10106 10110 10113 10114 10119 10120 10126 10127 10138 10143 10148 10149 10151 10168 10171 10172 10173 10186 10195 10197 10201 10202 10203 10205 10207 10209 10212 10215 10235 10236 10261 10270 
	}
	
	History = {
	    owner = SHU
		add_core_of = SHU
	}
	
	manpower=1000
	buildings_max_level_factor=1
	state_category=town
	local_supplies=0
}
