state={
	id=85
	name="STATE_85"
	provinces={
		23 33 142 395 438 451 468 513 536 541 640 652 654 658 782 798 836 854 953 956 1026 1108 1231 1276 1282 1325 1452 1513 1584 1586 1690 1701 1749 1772 1790 1816 1951 1952 1957 1963 1976 1989 2030 2031 2081 2097 2103 2156 2179 2202 2425 2448 2463 2492 2578 2594 2673 2680 2781 2837 2862 2866 2900 2922 2946 2978 2992 3009 3031 3110 3169 3180 3185 3211 3231 3289 3456 3495 3561 3574 3579 3664 3676 3677 3750 3823 3867 3872 3919 3955 4013 4021 4038 4055 4228 4318 4353 4452 4594 4608 4645 4710 4846 4926 4933 4981 4994 5052 5054 5131 5164 5303 5306 5331 5334 5474 5481 5487 5497 5499 5520 5605 5716 5727 5735 5779 5799 5897 5941 5986 6035 6054 6069 6112 6136 6159 6161 6190 6239 6242 6258 6276 6368 6377 6400 6435 6461 6476 6529 9895 9900 9905 9907 9910 9916 9921 9924 9928 9929 9932 9937 9938 9940 9943 9946 9947 9948 9949 9953 9956 9957 9958 9963 9966 9967 9969 9971 9973 9975 9976 9980 9982 9983 9985 9986 9990 9996 10002 10003 10004 10006 10007 10011 10012 10018 10019 10027 10030 10031 10036 10042 10048 10049 10050 10063 10070 10071 10074 10076 10079 10081 10082 10086 10087 10093 10097 10098 10100 10103 10104 10106 10114 10119 10120 10126 10127 10143 10149 10168 10172 10173 10186 10195 10197 10201 10203 10205 10207 10209 10215 10236 10261 10270 
	}
	
	History = {
	    owner = SHU
		add_core_of = SHU
		victory_points = { 6476 50 }
		victory_points = { 3211 35 }
		buildings = {
			infrastructure = 5
			air_base = 5
			arms_factory = 3
			industrial_complex = 5
		}
	}
	
	manpower=4500000
	buildings_max_level_factor=1
	state_category=megalopolis
	local_supplies=0
}
