state={
	id=86
	name="STATE_86"
	provinces={
		38 41 101 242 246 269 290 367 436 472 507 673 674 808 928 1055 1534 1564 1581 1746 1808 2112 2134 2197 2360 2501 2540 2556 2670 2683 2867 2908 2951 3083 3118 3233 3238 3244 3680 3683 3817 4160 4165 4200 4267 4340 4350 4375 4441 4462 4504 4510 4769 4889 5006 5236 5466 5574 5851 5905 6149 6413 6586 10422 10436 10437 10445 10451 10452 10453 10457 10464 10471 10473 10480 10481 10493 10496 10498 10508 10510 10511 10517 10521 10527 10537 10544 10550 10551 10554 10557 10565 10569 10571 10574 10575 10580 10592 10600 10605 10608 10618 10621 10630 10635 10638 10642 10649 10661 10678 10679 10686 
	}
	
	History = {
	    owner = SOE
		add_core_of = SOE
	}
	
	manpower=1000
	buildings_max_level_factor=1
	state_category=town
	local_supplies=0
}
