state={
	id=87
	name="STATE_87"
	provinces={
		15 49 103 105 129 194 273 282 319 346 474 917 931 971 1113 1324 1354 1507 1598 1682 1842 1975 2076 2161 2170 2184 2229 2239 2250 2282 2377 2390 2526 2646 2656 2692 2878 3098 3107 3109 3121 3191 3194 3220 3242 3245 3298 3356 3392 3476 3486 3586 3630 3645 3819 3881 4028 4050 4176 4211 4220 4226 4268 4377 4480 4517 4570 4613 4652 4709 4717 4762 4915 5048 5109 5140 5157 5227 5238 5308 5456 5507 5700 5841 5942 5945 6034 6093 6271 6547 6606 6617 10047 10069 10077 10089 10091 10096 10109 10121 10145 10159 10180 10182 10206 10213 10223 10224 10228 10238 10255 10266 10268 10275 10288 10310 10316 10317 10330 10331 10336 10342 10353 10374 10388 10404 10420 10421 10424 10427 10434 10443 10447 10448 10461 10465 10468 10469 10478 10482 10483 10485 10489 10491 10502 10512 
	}
	
	History = {
	    owner = SOE
		add_core_of = SOE
	}
	
	manpower=1000
	buildings_max_level_factor=1
	state_category=town
	local_supplies=0
}
