state={
	id=88
	name="STATE_88"
	provinces={
		27 34 91 135 232 298 313 340 373 467 609 682 692 872 947 1161 1167 1176 1216 1312 1333 1447 1537 1653 1719 1761 1774 1843 1967 2113 2437 2477 2517 2543 2907 2945 2979 3070 3102 3149 3223 3413 3454 3463 3512 3570 3640 3715 3797 3812 3863 3875 4024 4153 4190 4206 4301 4311 4315 4317 4585 4643 4737 4783 4805 4862 5144 5213 5460 5501 5560 5616 5636 5691 5782 5823 5839 6014 6041 6088 6301 6362 6366 6424 6433 6455 6601 9914 9919 9934 9935 9951 9952 9962 9968 9972 9988 9993 10122 10135 10161 10188 10240 10248 10251 10252 10273 10276 10314 10315 10329 10339 10340 10351 10356 10378 10379 10386 10396 10397 10399 10401 10402 10403 10405 10409 10413 10414 10438 10449 10456 10459 10460 10470 10472 10476 10477 10487 10490 10492 10495 10509 
	}
	
	history={
		owner = SHU
		add_core_of = SHU
	}
	
	manpower=1000
	buildings_max_level_factor=1
	state_category=town
	local_supplies=0
}
