state={
	id=9
	name="STATE_9"
	provinces={
		20 64 78 99 137 147 169 213 217 322 339 350 418 427 463 517 532 534 568 569 629 641 712 781 864 977 1036 1073 1088 1100 1117 1133 1145 1195 1232 1247 1253 1401 1473 1574 1638 1681 1704 1756 1766 1845 1860 1883 1937 1945 2005 2053 2056 2083 2109 2125 2173 2188 2206 2220 2246 2249 2270 2375 2401 2478 2485 2559 2703 2790 2938 2948 2961 3075 3133 3252 3273 3284 3361 3440 3444 3455 3472 3505 3529 3532 3538 3608 3631 3681 3696 3705 3711 3731 3782 3788 3790 3868 3888 3891 3941 3971 3977 4059 4088 4146 4187 4253 4261 4421 4431 4507 4515 4636 4637 4661 4666 4741 4819 4895 4930 4949 4998 5042 5205 5252 5325 5338 5353 5621 5649 5685 5696 5780 5789 5797 5815 5890 5901 5938 5972 5980 5990 6032 6073 6119 6204 6247 6253 6417 6464 6530 6532 6590 7117 7129 7132 7150 7153 7154 7156 7171 7186 7191 7194 7201 7210 7217 7222 7225 7238 7242 7256 7257 7266 7267 7268 7283 7291 7304 7311 7319 7334 7335 7341 7343 7355 7360 7361 7373 7376 7382 7388 7393 7402 7403 7404 7413 7429 7430 7431 7432 7439 7447 7448 7451 7463 7466 7467 7469 7473 7478 7489 7495 7508 7521 7522 7550 7554 7571 7582 7584 7588 7626 7657 7690 7694 7713 7717 7727 7732 7750 7776 7818 7945 7946 8022 8279 8355 
	}
	
	History = {
	    owner = MUR
		add_core_of = MUR
	}
	
	manpower=1000
	buildings_max_level_factor=1
	state_category=town
	local_supplies=0
}
