state={
	id=90
	name="STATE_90"
	provinces={
		2 40 92 151 186 192 430 530 547 549 633 780 868 929 949 1018 1179 1494 1709 1725 1785 1840 2007 2010 2119 2203 2251 2268 2371 2391 2421 2436 2535 2555 2603 2661 2666 2684 2724 2733 2764 2815 2896 2982 3033 3052 3115 3140 3174 3176 3248 3276 3403 3481 3594 3638 4063 4078 4145 4152 4277 4296 4326 4448 4459 4463 4494 4663 4785 4797 4845 4869 4884 4983 5037 5192 5296 5328 5374 5387 5426 5441 5443 5488 5495 5577 5607 5651 5734 5790 5805 5817 5847 5895 5997 6019 6121 6142 6389 6432 6441 6471 6513 6614 10518 10519 10523 10525 10528 10542 10543 10548 10559 10561 10562 10563 10564 10577 10579 10581 10585 10590 10591 10596 10598 10599 10603 10604 10616 10617 10631 10634 10637 10639 10646 10648 10650 10651 10654 10657 10659 10660 10674 10680 10683 10694 10700 10701 10702 10703 10709 10711 10715 10716 10722 10726 10728 10741 10759 10770 10779 10780 10800 10803 10820 
	}
	
	History = {
	    owner = SOE
		add_core_of = SOE
	}
	
	manpower=1000
	buildings_max_level_factor=1
	state_category=town
	local_supplies=0
}
