state={
	id=91
	name="STATE_91"
	provinces={
		68 93 160 218 239 480 549 649 671 832 881 913 1132 1180 1377 1590 1688 1753 1759 1803 1916 2259 2453 2459 2484 2638 2816 2896 2901 3825 3859 3935 3936 4048 4082 4093 4366 4448 4450 4707 4877 4887 5173 5210 5243 5345 5398 5446 5495 5580 5600 5749 5903 5978 6030 6042 6132 6180 6471 6535 10478 10561 10590 10720 10725 10732 10736 10737 10738 10743 10755 10756 10758 10772 10777 10804 10808 10814 10823 10824 10826 10833 10834 10835 10836 10849 10850 10855 10865 10866 10879 10882 10885 10896 10897 10900 10905 10914 10917 10918 10934 10936 10940 10946 10948 10949 10961 10969 10974 10975 10988 10996 11001 11006 11013 11014 11019 11020 11034 
	}
	buildings_max_level_factor=1.000
        manpower=1000
        state_category = town
}
