state={
	id=92
	name="STATE_92"
	provinces={
		18 59 102 389 452 705 890 927 1017 1119 1148 1292 1299 1405 1484 1532 1769 1855 1857 1954 1996 2059 2152 2204 2205 2212 2280 2364 2456 2675 2963 3023 3061 3079 3217 3354 3427 3460 3555 3599 3625 3651 3736 3821 4197 4514 4698 4699 4808 4871 4876 4885 4935 4950 5056 5072 5104 5147 5156 5323 5407 5478 5549 5550 5705 5831 5836 5916 6292 6357 10655 10670 10672 10678 10681 10686 10693 10695 10696 10697 10704 10707 10708 10710 10713 10714 10717 10718 10721 10723 10727 10730 10731 10733 10739 10740 10742 10745 10746 10747 10748 10751 10752 10757 10764 10766 10767 10771 10774 10776 10784 10791 10793 10794 10801 10809 10812 10813 10819 10837 10838 10841 10844 10845 10862 10872 10873 10892 10906 10911 10928 10943 10956 
	}
	buildings_max_level_factor=1.000
        manpower=1000
        state_category = town
}
