state={
	id=93
	name="STATE_93"
	provinces={
		12 93 255 317 357 480 497 525 543 552 566 610 718 883 955 1132 1180 1201 1213 1294 1340 1345 1376 1394 1457 1565 1594 1654 1684 1685 1827 1905 1978 2128 2254 2316 2694 2738 2758 2799 2967 3057 3130 3186 3305 3312 3313 3479 3490 3602 3730 3740 3785 3805 3871 4010 4075 4219 4254 4434 4620 4656 4909 5047 5119 5143 5149 5184 5220 5364 5366 5383 5464 5528 5654 5665 5775 5950 6021 6030 6125 6156 6179 6223 6286 6429 6457 6592 6611 10658 10673 10677 10682 10692 10699 10712 10719 10754 10761 10763 10765 10778 10783 10785 10797 10799 10805 10806 10810 10821 10828 10842 10843 10847 10886 10896 10915 10916 10919 10920 10923 10935 10938 10944 10977 10998 11004 11005 11008 11016 11017 11018 11029 11030 11045 11051 11056 11062 
	}
	
	History = {
	    owner = SOE
		add_core_of = SOE
	} 
	
	manpower=1000
	buildings_max_level_factor=1
	state_category=town
	local_supplies=0
}
