state={
	id=94
	name="STATE_94"
	provinces={
		127 431 444 476 533 592 707 754 990 1212 1314 1349 1570 1609 1734 1828 1920 2416 2490 2503 2742 2842 3219 3224 3257 3352 3468 3543 3611 3699 3733 3893 4036 4110 4229 4304 4386 4553 5080 5232 5332 5410 5547 5661 5742 5949 6005 6095 6137 6155 6349 6390 6468 6487 6540 6596 10729 10735 10744 10762 10773 10781 10786 10787 10798 10811 10825 10827 10831 10840 10848 10851 10853 10856 10861 10883 10887 10891 10898 10907 10921 10924 10926 10941 10945 10947 10953 10955 10983 10985 10991 11002 11022 11023 11040 11050 11057 
	}
	
	History = {
	    owner = SOE
		add_core_of = SOE
	}
	
	manpower=1000
	buildings_max_level_factor=1
	state_category=town
	local_supplies=0
}
