state={
	id=95
	name="STATE_95"
	provinces={
		30 66 98 202 580 608 875 1277 1504 1508 1610 1614 1660 1700 1877 2104 2234 2482 2550 2835 2855 2865 2930 2991 3136 3315 3432 3575 3754 3764 3932 4291 4338 4360 4436 4790 4791 4992 5567 5575 5741 6011 6192 6398 10852 10858 10880 10895 10903 10910 10913 10925 10927 10932 10942 10950 10964 10973 10979 10980 10984 10986 10989 10992 10999 11024 11026 11033 11035 11037 11041 11042 11043 11054 11059 11063 11068 11069 11070 11076 11081 
	}
	buildings_max_level_factor=1.000
        manpower=1000
        state_category = town
}
