state={
	id=98
	name="STATE_98"
	provinces={
		53 116 128 149 178 211 245 277 281 388 435 441 528 659 751 762 773 821 844 952 993 1011 1044 1060 1063 1104 1184 1189 1245 1304 1346 1358 1416 1421 1422 1470 1559 1591 1758 1763 1879 1899 1901 1915 1917 1981 1991 2043 2044 2063 2111 2130 2144 2146 2186 2380 2426 2439 2479 2521 2541 2624 2629 2681 2723 2770 2873 2935 2950 2968 2975 2996 2997 3088 3112 3181 3221 3226 3326 3397 3402 3470 3489 3547 3558 3658 3668 3707 3728 3768 3770 3795 3861 3912 3947 3978 3979 3987 3999 4061 4142 4154 4221 4298 4309 4320 4414 4423 4464 4503 4556 4607 4759 4760 5010 5060 5114 5117 5281 5363 5375 5389 5502 5566 5581 5583 5698 5760 5832 5861 6001 6068 6169 6254 6256 6297 6314 6329 6396 6438 6442 6493 6496 6515 6621 8440 8465 8466 8547 8598 8631 8671 8672 8698 8717 8728 8747 8771 8772 8784 8785 8807 8813 8822 8845 8884 8889 8914 8915 8917 8929 8939 8940 8945 8947 8959 8962 8969 8976 8984 8993 8999 9002 9003 9004 9007 9008 9018 9022 9033 9034 9035 9038 9041 9044 9045 9053 9055 9056 9058 9059 9063 9065 9066 9067 9070 9075 9080 9082 9085 9093 9096 9097 9098 9101 9104 9107 9112 9115 9116 9124 9127 9128 9129 9135 9141 9142 9152 9158 9159 9166 9189 9203 9216 
	}
	
	history = {
	    owner = CEN
		add_core_of = CEN
		victory_points = { 4061 10 }
		victory_points = { 388 10 }
		victory_points = { 9096 10 }
	}
	
	manpower=7483000
	buildings_max_level_factor=1
	state_category=town
	local_supplies=0
}
